0.0370949410319
0.0370949410319
0.0370949410319
0.992672924544
0.987184302422
0.987184302422
0.987184302422
0.996577765241
0.996577765241
0.996577765241
1.00300506776
1.00300506776
0.99923583645
0.99923583645
0.99923583645
1.00070152011
1.00070152011
1.00070152011
0.99907062124
0.993510114725
0.993510114725
0.99317485298
0.99317485298
0.99317485298
0.996471146482
0.996471146482
0.996471146482
1.00204789405
1.00204789405
1.00204789405
1.00707853298
1.00707853298
1.00747950053
1.00747950053
1.00747950053
1.00665762224
1.00665762224
1.00665762224
1.00108860549
1.00108860549
0.998105991795
0.998105991795
0.998105991795
0.996230641672
0.996230641672
1.0018463072
1.0018463072
1.0018463072
1.00205699645
1.00255882237
1.00255882237
1.00255882237
1.00767500187
1.00767500187
1.00767500187
1.00803013917
1.00803013917
1.00803013917
1.01451157807
1.01451157807
0.993439259571
0.993439259571
0.993439259571
1.00443687161
1.00443687161
1.00443687161
1.03413157371
1.03413157371
1.03413157371
1.00004153527
1.00004153527
0.885105618573
0.885105618573
0.676263090706
0.676263090706
0.676263090706
0.684704923844
0.684704923844
0.684704923844
0.926147132614
0.926147132614
1.19131043729
1.19131043729
1.19131043729
1.3109234736
1.3109234736
1.2799631646
1.2799631646
1.2799631646
1.16670839372
1.16670839372
1.08417768903
1.08417768903
1.08417768903
1.0926339518
1.0926339518
0.992497788016
0.992497788016
0.992497788016
0.814387047656
0.814387047656
0.814387047656
0.748036048659
0.748036048659
0.748036048659
0.748036048659
0.731143558798
0.731143558798
0.731143558798
0.731143558798
0.804637066687
0.804637066687
0.804637066687
0.804637066687
0.616210811202
0.616210811202
0.767588970215
0.767588970215
0.767588970215
0.767588970215
1.22694014237
1.22694014237
1.5451348929
1.5451348929
1.5451348929
1.73072191534
0.94073391923
0.94073391923
0.94073391923
0.94073391923
0.889697604755
0.889697604755
0.889697604755
0.975942688606
0.975942688606
0.975942688606
0.975942688606
0.984615190145
0.984615190145
0.984615190145
0.984615190145
0.940485073771
0.940485073771
0.940485073771
0.940485073771
0.940485073771
0.972017548548
0.972017548548
0.972017548548
0.972017548548
0.950747676024
0.950747676024
0.950747676024
0.950747676024
0.953420832297
0.953420832297
0.953420832297
0.953420832297
0.953420832297
0.957838193477
0.957838193477
0.957838193477
0.934013284847
0.934013284847
0.934013284847
0.934013284847
0.952021622812
0.952021622812
0.952021622812
0.952021622812
0.973971784768
0.973971784768
0.973971784768
0.973971784768
0.98198364354
0.98198364354
0.98198364354
0.981462422731
0.981462422731
1.00833165229
1.00833165229
1.00833165229
0.993740849424
0.993740849424
0.993740849424
0.993740849424
0.993808071795
0.993808071795
0.993808071795
0.993808071795
1.01581349978
1.01581349978
1.01581349978
1.01581349978
1.01581349978
1.0422958655
1.0422958655
1.0422958655
1.0422958655
1.01287748791
1.01287748791
1.01287748791
1.01287748791
1.00616310086
1.00616310086
1.00984294312
1.00984294312
1.00984294312
1.00984294312
1.00984294312
1.00433515545
1.00433515545
1.00433515545
1.00433515545
1.00433515545
1.00525613139
1.00525613139
1.00525613139
1.00987124115
1.00987124115
1.00987124115
1.00987124115
1.01333562155
1.01333562155
1.01333562155
1.01333562155
1.00991303626
1.00991303626
1.00991303626
1.00991303626
1.01109082587
1.01109082587
1.01109082587
1.01109082587
1.00973429222
1.00973429222
1.00973429222
1.00973429222
1.01063593649
1.01063593649
1.01063593649
1.017336623
1.017336623
1.017336623
1.017336623
1.01104697066
1.01104697066
1.01104697066
1.00210694516
1.00210694516
1.00210694516
1.01927639398
1.01927639398
1.01927639398
1.01927639398
1.01294572145
1.01294572145
1.01294572145
1.01294572145
0.989668783913
0.989668783913
0.989668783913
0.986854735891
0.986854735891
0.986854735891
0.971427840791
0.971427840791
0.971427840791
0.97557208562
0.97557208562
0.984804515037
0.998137537297
0.998137537297
1.00706382242
1.00706382242
1.00706382242
1.00658693178
1.00658693178
1.00658693178
1.00658693178
1.00642929576
1.00642929576
1.01100656098
1.01100656098
1.01123034483
1.01123034483
1.01123034483
1.00575480817
1.00575480817
1.00575480817
1.00534305265
1.00534305265
1.00534305265
1.00534305265
1.01174652011
1.01174652011
1.01174652011
1.0098718445
1.0098718445
1.0098718445
1.00729814983
1.00729814983
1.00488291598
1.00488291598
1.00488291598
1.00688993772
1.00688993772
1.00828758062
1.00828758062
1.00828758062
1.00043833304
1.00043833304
1.00043833304
1.00043833304
0.997756075529
0.997756075529
1.00580754243
1.00580754243
1.00580754243
1.00306181535
1.00306181535
1.00306181535
0.995703725673
0.995703725673
0.995703725673
0.965705274016
0.965705274016
0.965705274016
0.969839358213
0.969839358213
0.95866327834
0.95866327834
0.95866327834
0.960746411502
0.960746411502
0.960746411502
1.00799629822
1.00799629822
1.00799629822
1.00799629822
1.01390223829
1.01390223829
1.01390223829
0.994400860957
0.994400860957
0.974028069293
0.974028069293
1.00019565239
1.00019565239
1.00019565239
0.989508539214
0.989508539214
0.989508539214
0.979149583077
0.979149583077
1.02978376139
1.02978376139
1.02978376139
1.02978376139
1.02760442777
1.02760442777
0.987737020444
0.987737020444
1.01424593762
1.01424593762
0.997596938272
0.997596938272
0.997596938272
0.997596938272
0.984521054365
0.984521054365
1.03007628409
1.03007628409
1.03007628409
1.04214526495
1.04214526495
1.04214526495
0.98936244426
0.98936244426
0.98936244426
0.996442528846
0.996442528846
0.996442528846
1.0062706702
1.0062706702
1.0062706702
1.00135016046
1.00135016046
1.00135016046
0.994993636975
0.994993636975
1.00653207684
1.00653207684
1.00653207684
1.00439054375
1.00439054375
1.00439054375
1.00243086376
1.00243086376
1.00243086376
1.01048757795
1.01048757795
1.01048757795
1.01022755959
1.00400351956
1.00400351956
1.00400351956
1.03490072299
1.03490072299
1.03490072299
1.08184472775
1.08184472775
1.08184472775
1.11919224089
1.11919224089
1.11919224089
1.1378988939
1.1378988939
1.1378988939
1.1378988939
1.12637783415
1.12637783415
1.12637783415
1.12637783415
1.12637783415
1.14790853511
1.14790853511
1.14790853511
1.16114700552
1.16114700552
1.16114700552
1.16793059336
1.16793059336
1.16793059336
1.16793059336
1.25854884961
0.960880163101
0.960880163101
0.960880163101
0.960880163101
0.960880163101
0.97002440247
0.97002440247
0.97002440247
0.97002440247
0.97002440247
0.975900347296
0.975900347296
0.975900347296
0.975900347296
0.925465750046
0.925465750046
0.925465750046
0.925465750046
0.923672681953
0.923672681953
0.923672681953
0.923672681953
0.96911939494
0.96911939494
0.96911939494
0.96911939494
0.957801099559
0.957801099559
0.957801099559
0.956232708213
0.956232708213
0.956232708213
0.956232708213
0.956232708213
1.00070155916
1.00070155916
1.00070155916
1.00070155916
1.01674816236
1.01674816236
1.01674816236
1.01674816236
1.01674816236
1.04254019291
1.04254019291
1.04254019291
1.04254019291
1.03109789157
1.03109789157
1.03109789157
1.00180263934
1.00180263934
1.00180263934
1.00180263934
1.00180263934
1.00897691299
1.00897691299
1.00897691299
1.00897691299
1.00591841426
1.00591841426
1.00591841426
1.00591841426
0.977751538481
0.977751538481
0.977751538481
0.977751538481
0.984890552166
0.984890552166
0.984890552166
0.984890552166
1.00940224691
1.00940224691
1.00940224691
1.00940224691
1.00036108953
1.00036108953
1.00036108953
1.00036108953
1.00036108953
0.988573459079
0.988573459079
0.988573459079
0.988573459079
0.988573459079
1.00678872322
1.00678872322
1.00678872322
1.00678872322
1.01300901866
1.01300901866
1.01300901866
1.01300901866
1.00490633114
1.00490633114
1.00490633114
1.00490633114
1.0014458898
1.0014458898
1.0014458898
1.0014458898
1.00853094777
1.00853094777
1.00853094777
1.00853094777
0.991900980989
0.991900980989
0.991900980989
0.989316917728
0.989316917728
0.989316917728
0.989316917728
1.00650282055
1.00650282055
1.00650282055
1.00650282055
1.00294405954
1.00294405954
1.00294405954
1.00294405954
1.01448455118
1.01448455118
1.01448455118
1.01448455118
1.01519858327
1.01519858327
1.01519858327
1.01519858327
0.999590698551
0.999590698551
0.999590698551
0.995120233361
0.995120233361
0.995120233361
1.00632824487
1.00632824487
1.01360658264
1.01360658264
1.01360658264
1.00015420611
1.00015420611
1.00015420611
0.981321512607
0.99777950782
0.99777950782
1.42200848112
1.42200848112
1.42200848112
1.72501337117
1.72501337117
1.72501337117
1.72501337117
1.93800263265
1.93800263265
1.93800263265
2.03459754045
2.03459754045
2.03459754045
2.03459754045
1.88985769995
1.88985769995
1.88985769995
1.88985769995
1.56084337939
1.56084337939
1.56084337939
1.56084337939
1.56084337939
1.39563670314
1.39563670314
1.39563670314
1.39563670314
1.22937381203
1.22937381203
1.22937381203
1.08740865873
1.08740865873
1.08740865873
1.08740865873
0.993816911868
0.993816911868
0.993816911868
0.955950357687
0.955950357687
0.955950357687
0.955950357687
0.955950357687
0.933621207367
0.933621207367
0.933621207367
0.933621207367
0.943829331339
0.943829331339
0.943829331339
0.943829331339
0.98100261486
0.98100261486
0.98100261486
0.98100261486
0.965985035691
0.965985035691
1.00910629802
1.00910629802
1.00910629802
1.00910629802
1.08129647811
1.08129647811
1.01889673121
1.01889673121
0.972490602198
0.972490602198
0.972490602198
0.972490602198
1.00509600399
1.00509600399
1.00509600399
1.00477673603
1.00477673603
1.01442587405
1.01442587405
1.01442587405
1.03667801478
1.03667801478
1.03667801478
1.00208564545
0.975033376372
0.975033376372
0.975033376372
0.995317515298
0.995317515298
0.995317515298
0.99407148366
0.99407148366
0.99407148366
0.974164154926
0.974164154926
0.974164154926
0.992928418686
0.992928418686
0.992928418686
1.03173660688
1.03173660688
1.03173660688
1.02977826283
1.02977826283
1.02977826283
1.01136601054
1.01136601054
1.00885319964
1.00885319964
1.01457215146
1.01457215146
1.01457215146
0.996289710587
0.996289710587
0.996289710587
0.983884427737
0.983884427737
0.983884427737
0.992069121074
0.992069121074
1.02012528467
1.02012528467
1.02012528467
1.00525143296
1.00525143296
1.00525143296
1.21026538924
1.21026538924
1.18650367149
1.18650367149
1.18650367149
1.18650367149
1.13939493051
1.13939493051
1.13939493051
1.13939493051
1.13622584979
1.13622584979
1.13622584979
1.15910312597
1.15910312597
1.15910312597
1.15910312597
1.20168471552
1.20168471552
1.20168471552
1.20168471552
1.1990851534
1.1990851534
1.1990851534
1.1990851534
1.02526878102
1.02526878102
1.02526878102
1.02526878102
0.985495786429
0.985495786429
1.1449662856
1.1449662856
1.1449662856
0.894025318683
0.894025318683
0.894025318683
0.894025318683
0.883897917999
0.883897917999
0.883897917999
0.883897917999
0.936401116292
0.936401116292
0.936401116292
0.936401116292
0.693000757466
0.693000757466
0.693000757466
0.693000757466
0.693000757466
0.754846004258
0.754846004258
0.754846004258
0.818801161856
0.818801161856
0.818801161856
0.764185508969
0.764185508969
0.764185508969
0.764185508969
0.764185508969
0.817974541237
0.817974541237
0.817974541237
0.817974541237
0.940934634435
0.940934634435
0.940934634435
0.940934634435
0.922104988708
0.922104988708
0.922104988708
0.922104988708
0.922104988708
0.896527253496
0.896527253496
0.896527253496
0.998886192445
0.998886192445
0.998886192445
0.998886192445
0.985763078448
0.985763078448
0.985763078448
0.985763078448
1.00324238528
1.00324238528
1.00324238528
1.00324238528
1.00324238528
1.01130316393
1.01130316393
1.01130316393
1.01130316393
1.01130316393
1.00392548572
1.00392548572
1.00392548572
1.00392548572
1.00181045282
1.00181045282
1.00181045282
1.00181045282
0.990117692675
0.990117692675
0.990117692675
0.990117692675
0.990117692675
1.00276357864
1.00276357864
1.00276357864
1.01268579603
1.01268579603
1.01268579603
1.01268579603
1.01268579603
0.999328169554
0.999328169554
0.999328169554
0.999259693518
0.999259693518
0.999259693518
0.999259693518
0.999259693518
0.995284209331
0.995284209331
0.995284209331
0.995284209331
1.00647991882
1.00647991882
1.00647991882
1.00647991882
1.00647991882
0.991370136958
0.991370136958
0.991370136958
0.991370136958
0.991370136958
0.991906378223
0.991906378223
0.991906378223
0.996335791465
0.996335791465
0.996335791465
0.996335791465
0.988818948708
0.988818948708
0.988818948708
0.988818948708
0.988818948708
1.38971509678
1.38971509678
1.38971509678
1.38971509678
1.38971509678
1.25612014781
1.25612014781
1.25612014781
1.25612014781
1.25612014781
1.22493790248
1.22493790248
1.22493790248
1.22493790248
1.22493790248
1.06881159584
1.06881159584
1.06881159584
1.06881159584
1.06881159584
0.860308394002
0.860308394002
0.860308394002
0.860308394002
0.898239618578
0.898239618578
0.898239618578
0.898239618578
0.898239618578
0.898239618578
0.98588567258
0.98588567258
0.98588567258
0.98588567258
0.98588567258
0.934186809285
0.934186809285
0.934186809285
0.934186809285
0.934186809285
0.930437271211
0.930437271211
0.930437271211
0.930437271211
0.930437271211
1.04735072522
1.04735072522
1.04735072522
1.04735072522
1.08709360925
1.08709360925
1.08709360925
1.08709360925
1.03002432273
1.03002432273
1.03002432273
1.03002432273
1.00086392289
1.00086392289
1.00086392289
1.00086392289
0.989384746541
0.989384746541
0.989384746541
0.989384746541
1.00182267731
1.00182267731
1.00182267731
1.00182267731
0.997187234845
0.997187234845
0.997187234845
0.997187234845
0.997187234845
1.1823105481
1.1823105481
1.07575146766
1.07575146766
1.07575146766
0.908688322789
0.908688322789
0.908688322789
0.908688322789
0.782214857696
0.782214857696
0.782214857696
0.782214857696
0.782214857696
0.80165189922
0.80165189922
0.80165189922
0.928717683177
0.928717683177
0.928717683177
0.938760613007
0.938760613007
0.938760613007
0.938760613007
0.931053329413
0.931053329413
0.931053329413
0.931053329413
1.07174898114
1.07174898114
1.07174898114
1.07174898114
1.12838873752
1.12838873752
1.12838873752
1.12838873752
1.12838873752
1.07268336268
1.07268336268
1.07268336268
1.07268336268
1.05540939046
1.05540939046
1.05540939046
1.05540939046
1.06591935575
1.06591935575
1.06591935575
1.06591935575
1.06591935575
0.975544255346
0.975544255346
0.975544255346
0.975544255346
0.908670691909
0.908670691909
0.908670691909
0.92205723844
0.92205723844
0.92205723844
0.92205723844
0.891941162893
0.891941162893
0.891941162893
0.896061866557
0.896061866557
0.896061866557
0.896061866557
0.966105383197
0.966105383197
0.966105383197
0.966105383197
1.00795126072
1.00795126072
1.00795126072
1.00795126072
1.00843321463
1.00843321463
1.00843321463
0.999334189505
0.999334189505
0.99093066776
0.99093066776
0.99093066776
0.99093066776
0.99093066776
0.991432815202
0.991432815202
0.991432815202
0.991432815202
0.985166981489
0.985166981489
0.985166981489
0.985166981489
0.985166981489
0.996077891503
0.996077891503
0.996077891503
0.996077891503
1.00965302405
1.00965302405
1.00965302405
1.00965302405
1.0037772505
1.0037772505
1.0037772505
1.0037772505
1.00286183389
1.00286183389
1.00286183389
1.02008360727
1.02008360727
1.02008360727
1.02008360727
1.01307579903
1.01307579903
1.01307579903
1.01307579903
1.01307579903
1.0012769639
1.0012769639
1.0012769639
1.0005913436
1.0005913436
1.0005913436
1.00531087275
1.00531087275
1.00531087275
1.00043267198
1.00043267198
0.99563984537
0.99563984537
0.99563984537
1.00647768531
1.00647768531
1.00338677776
1.00338677776
1.00338677776
0.999920992844
0.999920992844
0.999920992844
0.999920992844
1.00470463793
1.00470463793
1.00470463793
1.00249167115
1.00249167115
1.00249167115
0.999856820255
0.999856820255
1.00218668748
1.00218668748
1.00218668748
1.00146911132
1.00146911132
1.00207231439
1.00207231439
1.00207231439
1.00595249229
1.00595249229
1.00468577732
1.00468577732
1.00468577732
0.995433543121
0.995433543121
0.995433543121
0.993731399007
0.993731399007
0.991731026191
0.991731026191
0.991731026191
0.993575544392
0.993575544392
0.993575544392
0.99770607237
1.00166141234
1.00166141234
1.00166141234
0.99967364968
0.99967364968
1.00756032701
1.00756032701
1.00756032701
1.00677692172
