0.0370949410319
0.0447553761822
0.0
0.0
0.0370949410319
0.0447553761822
0.0
0.0
0.0370949410319
0.0447553761822
0.0
0.0
0.971472164231
0.887036272528
45.9782557303
85.4985379992
0.971472164231
0.887036272528
45.9782557303
85.4985379992
0.971472164231
0.887036272528
45.9782557303
85.4985379992
1.07061574227
0.983178274632
13.3416640641
25.3179778023
1.07061574227
0.983178274632
13.3416640641
25.3179778023
1.07061574227
0.983178274632
13.3416640641
25.3179778023
1.07018882766
1.02954989533
51.7010638188
41.9165838303
1.07018882766
1.02954989533
51.7010638188
41.9165838303
1.07018882766
1.02954989533
51.7010638188
41.9165838303
1.00443691966
1.03103264367
45.5850852802
14.4913767462
1.00443691966
1.03103264367
45.5850852802
14.4913767462
1.00443691966
1.03103264367
45.5850852802
14.4913767462
0.962238125411
1.00289299495
39.8246155035
44.192759588
0.962238125411
1.00289299495
39.8246155035
44.192759588
0.938964658066
0.971531264123
33.7194306002
22.4499443206
0.938964658066
0.971531264123
33.7194306002
22.4499443206
0.938964658066
0.971531264123
33.7194306002
22.4499443206
0.938964658066
0.971531264123
33.7194306002
22.4499443206
0.967961839663
0.994781199871
28.7923600978
15.5241746963
0.967961839663
0.994781199871
28.7923600978
15.5241746963
0.967961839663
0.994781199871
28.7923600978
15.5241746963
0.996861487844
1.01316386902
14.6969384567
31.4165561448
0.996861487844
1.01316386902
14.6969384567
31.4165561448
0.991962304692
1.00813869386
15.748015748
43.2781700168
0.991962304692
1.00813869386
15.748015748
43.2781700168
0.991962304692
1.00813869386
15.748015748
43.2781700168
1.01200912202
0.996065982909
7.54983443527
30.9515750811
1.01200912202
0.996065982909
7.54983443527
30.9515750811
1.01200912202
0.996065982909
7.54983443527
30.9515750811
1.04063487183
0.973477185357
11.2249721603
34.1320963318
1.04063487183
0.973477185357
11.2249721603
34.1320963318
1.04063487183
0.973477185357
11.2249721603
34.1320963318
1.04525413526
0.979486738181
25.3377189186
37.0135110466
1.04525413526
0.979486738181
25.3377189186
37.0135110466
1.04525413526
0.979486738181
25.3377189186
37.0135110466
1.04417243321
1.0171006518
10.0498756211
34.4383507154
1.04417243321
1.0171006518
10.0498756211
34.4383507154
1.03368156391
1.0002776404
9.43398113206
29.9833287011
1.03368156391
1.0002776404
9.43398113206
29.9833287011
1.03368156391
1.0002776404
9.43398113206
29.9833287011
1.02358790467
0.938081484526
9.43398113206
7.07106781187
1.02358790467
0.938081484526
9.43398113206
7.07106781187
1.02358790467
0.938081484526
9.43398113206
7.07106781187
1.01249629731
1.00516560579
12.2065556157
20.5426385842
1.01249629731
1.00516560579
12.2065556157
20.5426385842
1.01249629731
1.00516560579
12.2065556157
20.5426385842
1.00295551991
0.955987386946
14.9666295471
38.1051177665
1.00295551991
0.955987386946
14.9666295471
38.1051177665
1.00295551991
0.955987386946
14.9666295471
38.1051177665
1.034676822
1.01566703362
4.24264068712
31.8276609257
1.034676822
1.01566703362
4.24264068712
31.8276609257
1.034676822
1.01566703362
4.24264068712
31.8276609257
1.05561382019
1.11068979643
13.4907375632
44.3283205186
1.05561382019
1.11068979643
13.4907375632
44.3283205186
1.03025055034
1.06142981393
3.60555127546
19.6723155729
1.03025055034
1.06142981393
3.60555127546
19.6723155729
1.00972435012
0.98499198929
22.4944437584
70.1141925718
1.00972435012
0.98499198929
22.4944437584
70.1141925718
1.00972435012
0.98499198929
22.4944437584
70.1141925718
1.00972435012
0.98499198929
22.4944437584
70.1141925718
1.00110901211
0.976150796166
42.5675933076
39.6988664826
1.00110901211
0.976150796166
42.5675933076
39.6988664826
1.00456313382
1.00735689576
35.1567916625
33.9705755029
1.00456313382
1.00735689576
35.1567916625
33.9705755029
1.00456313382
1.00735689576
35.1567916625
33.9705755029
1.0084755004
1.01070627773
12.56980509
36.3593179254
1.0084755004
1.01070627773
12.56980509
36.3593179254
1.0084755004
1.01070627773
12.56980509
36.3593179254
1.00285468093
1.00523192664
15.0665191733
30.4138126515
1.00285468093
1.00523192664
15.0665191733
30.4138126515
1.00285468093
1.00523192664
15.0665191733
30.4138126515
0.999046933809
1.02099035506
8.12403840464
19.1049731745
0.999046933809
1.02099035506
8.12403840464
19.1049731745
0.999046933809
1.02099035506
8.12403840464
19.1049731745
0.982720343641
1.01879044584
6.78232998313
7.68114574787
0.982720343641
1.01879044584
6.78232998313
7.68114574787
0.977854855606
1.00759749506
4.58257569496
5.38516480713
0.977854855606
1.00759749506
4.58257569496
5.38516480713
0.977854855606
1.00759749506
4.58257569496
5.38516480713
0.978322135031
0.989137717381
13.7477270849
8.0622577483
0.978322135031
0.989137717381
13.7477270849
8.0622577483
0.978322135031
0.989137717381
13.7477270849
8.0622577483
0.994911344039
0.981809699623
17.0293863659
13.7477270849
0.994911344039
0.981809699623
17.0293863659
13.7477270849
0.994911344039
0.981809699623
17.0293863659
13.7477270849
1.01438033963
1.00874109553
11.2249721603
24.8596057893
1.01438033963
1.00874109553
11.2249721603
24.8596057893
1.01438033963
1.00874109553
11.2249721603
24.8596057893
1.01772080968
0.97164930303
12.449899598
195.542834182
1.01772080968
0.97164930303
12.449899598
195.542834182
1.01772080968
0.97164930303
12.449899598
195.542834182
1.03132633073
0.973248277845
14.4568322948
68.0734897005
1.03132633073
0.973248277845
14.4568322948
68.0734897005
1.00665153449
1.03576171582
16.4924225025
35.1283361405
1.00665153449
1.03576171582
16.4924225025
35.1283361405
1.00665153449
1.03576171582
16.4924225025
35.1283361405
1.00665153449
1.03576171582
16.4924225025
35.1283361405
0.999007649257
1.06524458855
11.1803398875
70.8096038684
0.999007649257
1.06524458855
11.1803398875
70.8096038684
0.999007649257
1.06524458855
11.1803398875
70.8096038684
0.999924670612
1.00245993668
9.69535971483
29.5803989155
0.999924670612
1.00245993668
9.69535971483
29.5803989155
0.992144483152
0.941253655987
18.1383571472
24.8596057893
0.992144483152
0.941253655987
18.1383571472
24.8596057893
0.992144483152
0.941253655987
18.1383571472
24.8596057893
1.01481233238
1.04081917959
3.60555127546
17.0293863659
1.01481233238
1.04081917959
3.60555127546
17.0293863659
1.01481233238
1.04081917959
3.60555127546
17.0293863659
1.01481233238
1.04081917959
3.60555127546
17.0293863659
1.02808736821
1.00468271743
17.2336879396
34.8425027804
1.02808736821
1.00468271743
17.2336879396
34.8425027804
1.02808736821
1.00468271743
17.2336879396
34.8425027804
1.02641179351
1.06363887863
30.1496268634
17.7200451467
1.01756502351
1.06363887863
46.1519230369
17.7200451467
1.0150157866
0.999395101297
39.1152144312
21.5406592285
1.0150157866
0.999395101297
39.1152144312
21.5406592285
1.00175724343
1.03911158225
29.5972971739
20.2484567313
1.00175724343
1.03911158225
29.5972971739
20.2484567313
0.980751445975
1.00980757138
34.0734500748
18.1659021246
0.980751445975
1.00980757138
34.0734500748
18.1659021246
0.980751445975
1.00980757138
34.0734500748
18.1659021246
0.980751445975
0.99953997224
34.0734500748
29.3598365118
0.999023698726
0.99953997224
20.7123151772
29.3598365118
0.999023698726
0.99953997224
20.7123151772
29.3598365118
0.999023698726
1.04935600746
20.7123151772
31.0161248385
1.00957870248
1.04935600746
25.7681974535
31.0161248385
1.00957870248
1.04935600746
25.7681974535
31.0161248385
1.00957870248
1.02605125864
25.7681974535
24.1246761636
1.00337267987
1.02605125864
37.2558720204
24.1246761636
1.00337267987
1.02605125864
37.2558720204
24.1246761636
1.00337267987
1.02712245114
37.2558720204
19.3907194297
0.965366587277
1.02712245114
28.2842712475
19.3907194297
0.965366587277
1.02712245114
28.2842712475
19.3907194297
0.95920407293
1.01460094074
20.0499376558
16.7332005307
0.95920407293
1.01460094074
20.0499376558
16.7332005307
0.95920407293
1.00992664418
20.0499376558
20.6639783198
0.976237929784
1.00992664418
12.8062484749
20.6639783198
0.976237929784
1.00992664418
12.8062484749
20.6639783198
0.976237929784
1.06643561048
12.8062484749
20.6881608656
0.996230190867
1.06643561048
8.60232526704
20.6881608656
0.996230190867
1.02491377675
8.60232526704
30.083217913
1.02759268114
1.02491377675
17.4642491966
30.083217913
1.02759268114
1.0751307691
17.4642491966
50.4678115238
1.02949891098
1.0751307691
25.1992063367
50.4678115238
1.02949891098
1.0751307691
25.1992063367
50.4678115238
1.02949891098
1.0751307691
25.1992063367
50.4678115238
1.03221014854
1.13260727595
33.9116499156
53.5350352573
1.03221014854
1.13260727595
33.9116499156
53.5350352573
0.975849533354
1.01142153913
45.4532727095
44.3283205186
0.975849533354
1.01142153913
45.4532727095
44.3283205186
0.975849533354
1.01142153913
45.4532727095
44.3283205186
0.896496115231
0.982174031651
40.3608721412
54.3507129668
0.896496115231
0.982174031651
40.3608721412
54.3507129668
0.896496115231
0.995997070924
40.3608721412
72.4568837309
0.87518902956
0.995997070924
49.1324739862
72.4568837309
0.87518902956
0.995997070924
49.1324739862
72.4568837309
0.843565478564
0.999488199517
57.3149195236
72.6704891961
0.843565478564
0.999488199517
57.3149195236
72.6704891961
0.843565478564
0.934174339642
57.3149195236
73.0889868585
0.826507183621
0.934174339642
54.0462764675
73.0889868585
0.826507183621
0.844937484083
54.0462764675
69.4622199472
0.779828810145
0.844937484083
60.5144610816
69.4622199472
0.779828810145
0.844937484083
60.5144610816
69.4622199472
0.779828810145
0.835122721565
60.5144610816
85.1821577562
0.732135266411
0.835122721565
68.3885955405
85.1821577562
0.732135266411
0.835122721565
68.3885955405
85.1821577562
0.732135266411
0.835122721565
68.3885955405
85.1821577562
0.732135266411
0.767740840488
68.3885955405
102.888288935
0.694556783796
0.767740840488
69.77105417
102.888288935
0.694556783796
0.767740840488
69.77105417
102.888288935
0.694556783796
0.767740840488
69.77105417
102.888288935
0.694556783796
0.694384077287
69.77105417
114.546933612
1.03029650987
1.07498105667
472.648918332
80.024996095
1.03029650987
1.07498105667
472.648918332
80.024996095
1.03029650987
1.07498105667
472.648918332
80.024996095
1.03029650987
0.778770862556
472.648918332
178.991619916
1.08829557516
0.778770862556
337.296605379
178.991619916
1.08829557516
0.778770862556
337.296605379
178.991619916
1.08829557516
0.778770862556
337.296605379
178.991619916
1.08829557516
0.902144555092
337.296605379
71.7216843082
0.998759021287
0.902144555092
103.469802358
71.7216843082
0.998759021287
0.902144555092
103.469802358
71.7216843082
0.998759021287
0.902144555092
103.469802358
71.7216843082
0.984573156025
0.88577941118
181.160150143
81.694553062
0.984573156025
0.88577941118
181.160150143
81.694553062
0.984573156025
0.88577941118
181.160150143
81.694553062
0.984573156025
0.541689579238
181.160150143
88.9719056781
1.01862507915
0.541689579238
215.817052153
88.9719056781
1.01862507915
0.541689579238
215.817052153
88.9719056781
1.01862507915
0.541689579238
215.817052153
88.9719056781
1.01862507915
0.511840381382
215.817052153
64.4127316608
1.06870974136
0.511840381382
101.247222184
64.4127316608
1.06870974136
0.511840381382
101.247222184
64.4127316608
1.06870974136
0.511840381382
101.247222184
64.4127316608
1.06870974136
0.609135109216
101.247222184
27.1661554144
1.0374147119
0.609135109216
54.4977063738
27.1661554144
1.0374147119
0.609135109216
54.4977063738
27.1661554144
1.0374147119
0.609135109216
54.4977063738
27.1661554144
1.0374147119
0.660259258151
54.4977063738
57.740800133
1.07560123098
0.660259258151
61.4654374425
57.740800133
1.07560123098
0.660259258151
61.4654374425
57.740800133
1.07560123098
0.973064766399
61.4654374425
90.0
1.10767226521
0.973064766399
33.1360830516
90.0
1.10767226521
0.973064766399
33.1360830516
90.0
1.10767226521
0.973064766399
33.1360830516
90.0
1.10767226521
1.25816148898
33.1360830516
83.7317144217
1.09521865836
1.25816148898
52.4309069157
83.7317144217
1.09521865836
1.25816148898
52.4309069157
83.7317144217
1.09521865836
1.25816148898
52.4309069157
83.7317144217
1.09521865836
1.36200000173
52.4309069157
59.3043000127
1.06991807108
1.36200000173
38.0525951809
59.3043000127
1.06991807108
1.36200000173
38.0525951809
59.3043000127
1.06991807108
1.36200000173
38.0525951809
59.3043000127
1.06991807108
1.34150596739
38.0525951809
112.787410645
0.985901987468
1.34150596739
18.0554700853
112.787410645
0.985901987468
1.34150596739
18.0554700853
112.787410645
0.985901987468
1.12737836943
18.0554700853
126.245792009
0.985901987468
1.12737836943
18.0554700853
126.245792009
0.99175913471
1.12737836943
29.0688837075
126.245792009
0.99175913471
1.12737836943
29.0688837075
126.245792009
0.99175913471
0.897375970324
29.0688837075
121.103261723
1.02758807738
0.897375970324
70.0071424927
121.103261723
1.02758807738
0.897375970324
70.0071424927
121.103261723
1.04974219974
0.989246657923
100.980196078
82.6135582093
1.04974219974
0.989246657923
100.980196078
82.6135582093
1.04974219974
0.989246657923
100.980196078
82.6135582093
1.04974219974
0.994892222977
100.980196078
109.571894206
1.06708684658
0.994892222977
95.3572231139
109.571894206
1.06708684658
0.994892222977
95.3572231139
109.571894206
1.06708684658
0.981609891938
95.3572231139
128.265349959
1.07731644887
0.981609891938
65.2380257212
128.265349959
1.07731644887
0.981609891938
65.2380257212
128.265349959
1.07731644887
0.981609891938
65.2380257212
128.265349959
1.07731644887
0.956199306376
65.2380257212
143.422452914
1.05790630118
0.956199306376
69.0289794217
143.422452914
1.05790630118
0.956199306376
69.0289794217
143.422452914
1.05790630118
0.908904432624
69.0289794217
122.266103234
1.05790630118
0.908904432624
69.0289794217
122.266103234
1.04288733634
0.908904432624
72.5534285889
122.266103234
1.04288733634
0.908904432624
72.5534285889
122.266103234
1.09572455131
0.903498664721
148.788440411
132.91350571
1.09572455131
0.903498664721
148.788440411
132.91350571
1.09572455131
0.903498664721
148.788440411
132.91350571
1.09572455131
0.856901692804
148.788440411
140.103533146
1.09572455131
0.856901692804
148.788440411
140.103533146
0.992067506348
0.973417541167
9.11043357914
7.48331477355
0.992067506348
0.973417541167
9.11043357914
7.48331477355
0.992067506348
0.973417541167
9.11043357914
7.48331477355
0.977084286202
0.973417541167
3.74165738677
7.48331477355
0.977084286202
0.982923470711
3.74165738677
4.12310562562
0.977084286202
0.982923470711
3.74165738677
4.12310562562
0.977084286202
0.982923470711
3.74165738677
4.12310562562
0.982187419635
0.982923470711
3.60555127546
4.12310562562
0.982187419635
0.982923470711
3.60555127546
4.12310562562
0.982187419635
0.988519249369
3.60555127546
4.12310562562
0.982187419635
0.988519249369
3.60555127546
4.12310562562
0.997072783185
0.988519249369
6.7082039325
4.12310562562
0.997072783185
0.988519249369
6.7082039325
4.12310562562
0.997072783185
1.00735403062
6.7082039325
5.38516480713
0.997072783185
1.00735403062
6.7082039325
5.38516480713
0.997072783185
1.00735403062
6.7082039325
5.38516480713
0.999007550523
1.00735403062
3.0
5.38516480713
0.999007550523
1.02942119578
3.0
5.74456264654
0.999007550523
1.02942119578
3.0
5.74456264654
0.999007550523
1.02942119578
3.0
5.74456264654
1.00849613877
1.04073175801
4.58257569496
3.46410161514
1.00849613877
1.04073175801
4.58257569496
3.46410161514
1.00849613877
1.04073175801
4.58257569496
3.46410161514
0.999227791844
1.04073175801
6.40312423743
3.46410161514
0.999227791844
1.02678190763
6.40312423743
1.41421356237
0.999227791844
1.02678190763
6.40312423743
1.41421356237
0.999227791844
1.02678190763
6.40312423743
1.41421356237
0.991309157553
1.02678190763
2.2360679775
1.41421356237
0.991309157553
1.00696339823
2.2360679775
1.0
0.991309157553
1.00696339823
2.2360679775
1.0
0.991309157553
1.00696339823
2.2360679775
1.0
0.997583462879
1.00696339823
3.0
1.0
0.997583462879
1.00696339823
3.0
1.0
0.997583462879
0.993225689644
3.0
0.0
0.997583462879
0.993225689644
3.0
0.0
0.997583462879
0.993225689644
3.0
0.0
0.995791026041
0.993225689644
4.0
0.0
0.995791026041
0.982189721965
4.0
2.2360679775
0.995791026041
0.982189721965
4.0
2.2360679775
0.995791026041
0.982189721965
4.0
2.2360679775
0.997879651739
0.982189721965
2.2360679775
2.2360679775
0.997879651739
0.982189721965
2.2360679775
2.2360679775
0.997879651739
0.978145598691
2.2360679775
4.35889894354
0.997879651739
0.978145598691
2.2360679775
4.35889894354
0.997879651739
0.978145598691
2.2360679775
4.35889894354
0.994859304411
0.978145598691
1.41421356237
4.35889894354
0.994859304411
0.989556456522
1.41421356237
3.16227766017
0.994859304411
0.989556456522
1.41421356237
3.16227766017
0.994859304411
0.989556456522
1.41421356237
3.16227766017
0.988796614755
0.989556456522
1.0
3.16227766017
0.988796614755
1.00173054244
1.0
3.74165738677
0.988796614755
1.00173054244
1.0
3.74165738677
0.988796614755
1.00173054244
1.0
3.74165738677
0.988796614755
1.00173054244
1.0
3.74165738677
0.994692330764
1.00173054244
1.73205080757
3.74165738677
0.994692330764
1.0113169747
1.73205080757
3.60555127546
0.994692330764
1.0113169747
1.73205080757
3.60555127546
0.994692330764
1.0113169747
1.73205080757
3.60555127546
0.994248649668
1.0113169747
1.0
3.60555127546
0.994248649668
1.0113169747
1.0
3.60555127546
0.994248649668
1.01424490999
1.0
3.16227766017
0.994248649668
1.01424490999
1.0
3.16227766017
0.994248649668
1.01424490999
1.0
3.16227766017
1.00117154736
1.01424490999
0.0
3.16227766017
1.00117154736
1.00838750222
0.0
2.2360679775
1.00117154736
1.00838750222
0.0
2.2360679775
1.00117154736
1.00838750222
0.0
2.2360679775
1.00117154736
1.00838750222
0.0
2.2360679775
1.00533060891
1.00838750222
1.41421356237
2.2360679775
1.00533060891
1.00064514872
1.41421356237
3.0
1.00533060891
1.00064514872
1.41421356237
3.0
1.00533060891
1.00064514872
1.41421356237
3.0
0.996858857344
1.00064514872
2.44948974278
3.0
0.996858857344
1.00064514872
2.44948974278
3.0
0.996858857344
0.995794693269
2.44948974278
3.74165738677
0.996858857344
0.995794693269
2.44948974278
3.74165738677
0.996858857344
0.995794693269
2.44948974278
3.74165738677
0.99431572806
0.995794693269
1.41421356237
3.74165738677
0.99431572806
0.99091813618
1.41421356237
1.41421356237
0.99431572806
0.99091813618
1.41421356237
1.41421356237
0.99431572806
0.99091813618
1.41421356237
1.41421356237
0.99431572806
0.99091813618
1.41421356237
1.41421356237
0.99700216131
0.995244758787
1.41421356237
1.0
0.99700216131
0.995244758787
1.41421356237
1.0
0.99700216131
0.995244758787
1.41421356237
1.0
0.99700216131
0.995244758787
1.41421356237
1.0
0.993577090869
1.00505094303
2.2360679775
1.0
0.993577090869
1.00505094303
2.2360679775
1.0
0.993577090869
1.00505094303
2.2360679775
1.0
1.00174429677
1.00384956792
3.16227766017
1.41421356237
1.00174429677
1.00384956792
3.16227766017
1.41421356237
1.00174429677
1.00384956792
3.16227766017
1.41421356237
1.00017663007
1.00384956792
3.16227766017
1.41421356237
1.00017663007
1.00181000649
3.16227766017
1.0
1.00017663007
1.00181000649
3.16227766017
1.0
0.998245065223
1.00181000649
4.472135955
1.0
0.998245065223
1.00001934877
4.472135955
1.41421356237
0.998245065223
1.00001934877
4.472135955
1.41421356237
0.998245065223
1.00001934877
4.472135955
1.41421356237
0.999642634107
1.00097450232
5.38516480713
1.73205080757
0.999642634107
1.00097450232
5.38516480713
1.73205080757
0.999642634107
1.00097450232
5.38516480713
1.73205080757
1.00182823842
0.999291013822
4.0
1.73205080757
1.00182823842
0.999291013822
4.0
1.73205080757
1.00182823842
0.999291013822
4.0
1.73205080757
0.999989975222
0.999291013822
4.58257569496
1.73205080757
0.999989975222
0.998319733376
4.58257569496
2.0
0.999989975222
0.998319733376
4.58257569496
2.0
