0 0 0 0 [0] [1] [0] 0.0370949410319 0.0447553761822
0 0 0 0 [0] [1] [0] 0.0370949410319 0.0447553761822
0 0 0 0 [1] [1] [0] 0.996204343631 0.949056615165
0 0 0 0 [1] [1] [0] 1.00372886147 0.988631102835
0 0 0 0 [1] [1] [0] 1.00476247365 1.00478645696
0 0 0 0 [1] [1] [0] 1.00476247365 1.00478645696
0 0 0 0 [1] [1] [0] 1.00476247365 1.00677036487
0 0 0 0 [1] [1] [0] 1.0053812039 1.01029431457
0 0 0 0 [1] [1] [0] 1.00955647505 1.01132955459
0 0 0 0 [1] [1] [0] 1.00955647505 1.01132955459
0 0 0 0 [1] [1] [0] 1.00955647505 1.01574011772
0 0 0 0 [1] [1] [0] 1.00955647505 1.01574011772
0 0 0 0 [1] [1] [0] 1.00955647505 1.01574011772
0 0 0 0 [1] [1] [0] 1.00955647505 1.01574011772
0 0 0 0 [1] [1] [0] 1.00955647505 1.01574011772
0 0 0 0 [1] [1] [0] 1.00955647505 1.01574011772
0 0 0 0 [1] [1] [0] 1.00955647505 1.01574011772
0 0 0 0 [1] [1] [0] 1.00955647505 1.01574011772
0 0 0 0 [1] [1] [0] 1.00955647505 1.01574011772
0 0 0 0 [1] [1] [0] 1.00955647505 1.01574011772
0 0 0 0 [1] [1] [0] 1.00955647505 1.01574011772
0 0 0 0 [1] [1] [0] 1.01236034552 1.01574011772
0 0 0 0 [1] [1] [0] 1.01236034552 1.01574011772
0 0 0 0 [1] [1] [0] 1.01236034552 1.01574011772
0 0 0 0 [1] [1] [0] 1.01236034552 1.01574011772
0 0 0 0 [1] [1] [0] 1.01236034552 1.01574011772
0 0 0 0 [1] [1] [0] 1.01236034552 1.0204345281
0 0 0 0 [1] [1] [0] 1.01747398952 1.02730603979
0 0 0 0 [1] [1] [0] 1.01747398952 1.02730603979
0 0 0 0 [1] [1] [0] 1.01747398952 1.02730603979
0 0 0 0 [1] [1] [0] 1.01747398952 1.02730603979
0 0 0 0 [1] [1] [0] 1.01747398952 1.02730603979
0 0 0 0 [1] [1] [0] 1.01747398952 1.02730603979
0 0 0 0 [1] [1] [0] 1.0191890505 1.02730603979
0 0 0 0 [1] [1] [0] 1.0191890505 1.02730603979
0 0 0 0 [1] [1] [0] 1.0191890505 1.02730603979
0 0 0 0 [1] [1] [0] 1.0191890505 1.02730603979
0 0 0 0 [1] [1] [0] 1.0191890505 1.02730603979
0 0 0 0 [1] [1] [0] 1.0191890505 1.02730603979
0 0 0 0 [1] [1] [0] 1.0191890505 1.02730603979
0 0 0 0 [1] [1] [0] 1.0191890505 1.02730603979
0 0 0 0 [1] [1] [0] 1.0191890505 1.02730603979
0 0 0 0 [1] [1] [0] 1.0191890505 1.02730603979
0 0 0 0 [1] [1] [0] 1.0191890505 1.02730603979
0 0 0 0 [1] [1] [0] 1.0191890505 1.02730603979
0 0 0 0 [1] [1] [0] 1.0191890505 1.02730603979
0 0 0 0 [1] [1] [0] 1.0191890505 1.02730603979
0 0 0 0 [1] [1] [0] 1.0191890505 1.02730603979
0 0 0 0 [1] [1] [0] 1.0191890505 1.02730603979
0 0 0 0 [1] [1] [0] 1.0191890505 1.02824674326
0 0 0 0 [1] [1] [0] 1.0191890505 1.02824674326
0 0 0 0 [1] [1] [0] 1.0191890505 1.02824674326
0 0 0 0 [1] [1] [0] 1.0191890505 1.02824674326
0 0 0 0 [1] [1] [0] 1.02594117592 1.02824674326
0 0 0 0 [1] [1] [0] 1.03180743819 1.02824674326
0 0 0 0 [1] [1] [0] 1.03180743819 1.02824674326
0 0 0 0 [1] [1] [0] 1.03180743819 1.02824674326
0 0 0 0 [1] [1] [0] 1.03180743819 1.02824674326
0 0 0 0 [1] [1] [0] 1.03180743819 1.02824674326
0 0 0 0 [1] [1] [0] 1.03180743819 1.02824674326
0 0 0 0 [1] [1] [0] 1.03180743819 1.02824674326
0 0 0 0 [1] [1] [0] 1.03180743819 1.02824674326
0 0 0 0 [1] [1] [0] 1.03180743819 1.02824674326
0 0 0 0 [1] [1] [0] 1.03180743819 1.02824674326
0 0 0 0 [1] [1] [0] 1.03180743819 1.02824674326
0 0 0 0 [1] [1] [0] 1.03180743819 1.02824674326
0 0 0 0 [1] [1] [0] 1.03180743819 1.02824674326
0 0 0 0 [1] [1] [0] 1.03180743819 1.02824674326
0 0 0 0 [1] [1] [0] 1.03180743819 1.02824674326
0 0 0 0 [1] [1] [0] 1.03180743819 1.02824674326
0 0 0 0 [1] [1] [0] 1.03180743819 1.02824674326
0 0 0 0 [1] [1] [0] 1.03180743819 1.02824674326
0 0 0 0 [1] [1] [0] 1.03180743819 1.02824674326
0 0 0 0 [1] [1] [0] 1.03180743819 1.02824674326
0 0 0 0 [1] [1] [0] 1.03180743819 1.02824674326
0 0 0 0 [1] [1] [0] 1.03180743819 1.02824674326
0 0 0 0 [1] [1] [0] 1.03180743819 1.02824674326
0 0 0 0 [1] [1] [0] 1.03180743819 1.02824674326
0 0 0 0 [1] [1] [0] 1.06681784973 1.02824674326
0 0 0 0 [1] [1] [0] 1.06681784973 1.02824674326
0 0 0 0 [1] [1] [0] 1.0672599927 1.02824674326
0 0 0 0 [1] [1] [0] 1.0672599927 1.02824674326
0 0 0 0 [1] [1] [0] 1.07189446172 1.02824674326
0 0 0 0 [1] [1] [0] 1.07189446172 1.02824674326
0 0 0 0 [1] [1] [0] 1.07189446172 1.02824674326
0 0 0 0 [1] [1] [0] 1.07189446172 1.02824674326
0 0 0 0 [1] [1] [0] 1.07189446172 1.02824674326
0 0 0 0 [1] [1] [0] 1.07189446172 1.02824674326
0 0 0 0 [1] [1] [0] 1.07189446172 1.02824674326
0 0 0 0 [1] [1] [0] 1.07189446172 1.02824674326
0 0 0 0 [1] [1] [0] 1.07189446172 1.02824674326
0 0 0 0 [1] [1] [0] 1.07189446172 1.02824674326
0 0 0 0 [1] [1] [0] 1.07189446172 1.02824674326
0 0 0 0 [1] [1] [0] 1.07189446172 1.02824674326
0 0 0 0 [1] [1] [0] 1.07189446172 1.02824674326
0 0 0 0 [1] [1] [0] 1.07189446172 1.02824674326
0 0 0 0 [1] [1] [0] 1.07189446172 1.02824674326
0 0 0 0 [1] [1] [0] 1.07189446172 1.02824674326
0 0 0 0 [1] [1] [0] 1.07189446172 1.02824674326
0 0 0 0 [1] [1] [0] 1.07189446172 1.02824674326
0 0 0 0 [1] [1] [0] 1.07189446172 1.02824674326
0 0 0 0 [1] [1] [0] 1.07189446172 1.02824674326
0 0 0 0 [1] [1] [0] 1.07189446172 1.02824674326
0 0 0 0 [1] [1] [0] 1.07189446172 1.09275211012
0 0 0 0 [1] [1] [0] 1.07189446172 1.09275211012
0 0 0 0 [1] [1] [0] 1.07189446172 1.09275211012
0 0 0 0 [1] [1] [0] 1.07189446172 1.09275211012
0 0 0 0 [1] [1] [0] 1.07189446172 1.09275211012
0 0 0 0 [1] [1] [0] 1.07189446172 1.09275211012
0 0 0 0 [1] [1] [0] 1.07189446172 1.09275211012
0 0 0 0 [1] [1] [0] 1.07189446172 1.09275211012
0 0 0 0 [1] [1] [0] 1.07189446172 1.09275211012
0 0 0 0 [1] [1] [0] 1.07189446172 1.09275211012
0 0 0 0 [1] [1] [0] 1.07189446172 1.09275211012
0 0 0 0 [1] [1] [0] 1.07189446172 1.09275211012
0 0 0 0 [1] [1] [0] 1.07189446172 1.09275211012
0 0 0 0 [1] [1] [0] 1.07189446172 1.09275211012
0 0 0 0 [1] [1] [0] 1.07189446172 1.09275211012
0 0 0 0 [1] [1] [0] 1.07189446172 1.09275211012
0.0370949410319 0.0447553761822 0.0 0.0 [1] [1] [0] 1.03479952069 1.04799673394
0.0370949410319 0.0447553761822 0.0 0.0 [1] [1] [0] 1.03479952069 1.04799673394
0.996204343631 0.949056615165 1.41421356237 1.41421356237 [1] [1] [0] 0.185657969799 0.143695494954
1.00372886147 0.988631102835 1.0 3.74165738677 [1] [1] [0] 0.185657969799 0.132982586436
1.00476247365 1.00478645696 3.16227766017 1.73205080757 [1] [1] [0] 0.185657969799 0.132982586436
1.00117671095 1.00382482777 3.31662479036 0.0 [1] [1] [0] 0.185657969799 0.132982586436
1.00117671095 1.00677036487 3.31662479036 2.2360679775 [1] [1] [0] 0.185657969799 0.132982586436
1.0053812039 1.01029431457 3.74165738677 1.73205080757 [1] [1] [0] 0.185657969799 0.14951894037
1.00955647505 1.01132955459 5.19615242271 1.41421356237 [1] [1] [0] 0.185657969799 0.14951894037
1.00955647505 1.00545609675 5.19615242271 1.0 [1] [1] [0] 0.185657969799 0.14951894037
0.997199168303 1.01574011772 7.07106781187 3.0 [1] [1] [0] 0.185657969799 0.14951894037
0.993931128894 1.01403357926 2.2360679775 0.0 [1] [1] [0] 0.185657969799 0.14951894037
0.985206744898 0.999389360541 5.38516480713 3.31662479036 [1] [1] [0] 0.185657969799 0.14951894037
0.985652372566 0.997189616296 4.69041575982 3.0 [1] [1] [0] 0.185657969799 0.14951894037
0.992519085319 1.00439692566 2.2360679775 6.7082039325 [1] [1] [0] 0.185657969799 0.14951894037
0.99757402684 1.01130924082 3.0 4.24264068712 [1] [1] [0] 0.185657969799 0.14951894037
0.99279669109 1.01269755951 6.40312423743 4.12310562562 [1] [1] [0] 0.185657969799 0.14951894037
0.99279669109 1.01275397351 6.40312423743 3.60555127546 [1] [1] [0] 0.185657969799 0.14951894037
0.99809967524 0.999157345908 4.89897948557 6.7082039325 [1] [1] [0] 0.185657969799 0.14951894037
1.00191910289 1.00085418162 8.60232526704 10.3923048454 [1] [1] [0] 0.185657969799 0.169347001442
1.00407168858 1.01121937932 10.295630141 6.78232998313 [1] [1] [0] 0.185657969799 0.197331533505
1.01236034552 1.01019076067 9.8488578018 10.1980390272 [1] [1] [0] 0.185657969799 0.232639458484
1.00830647827 1.01089184734 3.46410161514 6.63324958071 [1] [1] [0] 0.185657969799 0.232639458484
0.998896317129 1.00379445352 3.60555127546 2.44948974278 [1] [1] [0] 0.185657969799 0.286643810334
0.998896317129 1.00379445352 3.60555127546 2.44948974278 [1] [1] [0] 0.236578712026 0.421294392798
0.985334642466 0.998713093012 6.7082039325 3.31662479036 [1] [1] [0] 0.236578712026 0.421294392798
0.982662532719 1.0204345281 4.24264068712 5.09901951359 [1] [1] [0] 0.236578712026 0.421294392798
1.01747398952 1.02730603979 8.71779788708 4.472135955 [1] [1] [0] 0.236578712026 0.421294392798
1.01455015635 1.0019576669 4.12310562562 5.19615242271 [1] [1] [0] 0.236578712026 0.421294392798
0.992496499158 1.00161487979 8.24621125124 1.73205080757 [1] [1] [0] 0.236578712026 0.421294392798
0.993150829043 0.994572406508 3.16227766017 4.0 [1] [1] [0] 0.236578712026 0.421294392798
1.00130893761 0.983277603051 2.44948974278 2.2360679775 [1] [1] [0] 0.236578712026 0.421294392798
1.00275175623 1.02448931094 1.41421356237 9.2736184955 [1] [1] [0] 0.236578712026 0.421294392798
1.0191890505 1.02448931094 6.48074069841 9.2736184955 [1] [1] [0] 0.236578712026 0.421294392798
1.0191890505 1.02247165654 6.48074069841 5.47722557505 [1] [1] [0] 0.236578712026 0.421294392798
1.01297176718 0.993607625151 6.48074069841 2.44948974278 [1] [1] [0] 0.236578712026 0.421294392798
0.999080393276 1.01369652581 4.12310562562 10.295630141 [1] [1] [0] 0.236578712026 0.421294392798
0.992419106707 1.01228169743 2.2360679775 11.4455231423 [1] [1] [0] 0.236578712026 0.437873310883
0.990654992913 1.0059049239 5.09901951359 8.36660026534 [1] [1] [0] 0.236578712026 0.470644040995
1.00064051285 1.01437929692 4.472135955 8.0622577483 [1] [1] [0] 0.236578712026 0.470644040995
1.00725130452 1.01477455448 4.58257569496 10.6301458127 [1] [1] [0] 0.236578712026 0.470644040995
1.00259789314 1.01171930631 11.8321595662 5.19615242271 [1] [1] [0] 0.236578712026 0.470644040995
0.998044144091 1.01160569932 8.36660026534 8.12403840464 [1] [1] [0] 0.236578712026 0.470644040995
1.01367747726 1.00425842865 2.44948974278 10.246950766 [1] [1] [0] 0.236578712026 0.470644040995
0.966134944563 1.01338748692 8.0622577483 1.0 [1] [1] [0] 0.236578712026 0.470644040995
0.966650060888 1.01274470547 9.43398113206 6.40312423743 [1] [1] [0] 0.236578712026 0.470644040995
0.966650060888 1.01274470547 9.43398113206 6.40312423743 [1] [1] [0] 0.236578712026 0.470644040995
0.984669063276 0.992908469733 1.0 12.0415945788 [1] [1] [0] 0.236578712026 0.470644040995
0.995650240624 1.01198129918 4.12310562562 8.12403840464 [1] [1] [0] 0.298147532835 0.470644040995
0.988015681152 1.02824674326 11.0453610172 3.60555127546 [1] [1] [0] 0.298147532835 0.470644040995
0.970693877907 1.01114747708 17.0293863659 9.2736184955 [1] [1] [0] 0.298147532835 0.470644040995
0.985008704455 0.996557156505 7.07106781187 5.38516480713 [1] [1] [0] 0.298147532835 0.470644040995
0.985008704455 0.996557156505 7.07106781187 5.38516480713 [1] [1] [0] 0.298147532835 0.470644040995
1.02594117592 1.00560746374 6.7082039325 7.68114574787 [1] [1] [0] 0.298147532835 0.470644040995
1.03180743819 1.00330081829 8.48528137424 5.38516480713 [1] [1] [0] 0.30158696762 0.470644040995
1.00428602289 1.00241166067 14.7986485869 13.638181697 [1] [1] [0] 0.30158696762 0.470644040995
0.96891640234 1.00478452472 13.0766968306 11.7046999107 [1] [1] [0] 0.30158696762 0.470644040995
0.968627169524 1.0081103191 15.6843871414 15.1327459504 [1] [1] [0] 0.30158696762 0.470644040995
1.01932053233 1.02347562493 11.401754251 11.4455231423 [1] [1] [0] 0.996366149096 0.550897768304
1.01745054036 1.00419271058 22.3383079037 14.9666295471 [1] [1] [0] 0.996366149096 0.550897768304
1.00375277301 1.00532134594 14.8996644258 13.6747943312 [1] [1] [0] 0.996366149096 0.550897768304
1.0010392215 1.01044807631 7.54983443527 16.8819430161 [1] [1] [0] 0.996366149096 0.550897768304
0.994575020112 1.01319601713 14.5945195193 17.5783958312 [1] [1] [0] 0.996366149096 0.661209175789
0.994575020112 1.01319601713 14.5945195193 17.5783958312 [1] [1] [0] 0.996366149096 0.661209175789
0.997660071838 1.00902161646 18.4661853126 20.4694894905 [1] [1] [0] 0.996366149096 0.661209175789
1.0114771467 1.00161134223 16.7630546142 19.5192212959 [1] [1] [0] 0.996366149096 0.661209175789
1.0317379825 1.00862413503 23.3452350599 3.31662479036 [1] [1] [0] 1.00754942181 0.661209175789
1.0317379825 1.00862413503 23.3452350599 3.31662479036 [1] [1] [0] 1.00754942181 0.661209175789
1.02556074202 1.00188418172 34.4818792991 1.41421356237 [1] [1] [0] 1.00754942181 0.661209175789
1.01857766182 1.01648565668 48.5283422342 6.78232998313 [1] [1] [0] 1.00754942181 0.661209175789
0.968407750416 1.01248471302 18.0554700853 10.8166538264 [1] [1] [0] 1.00754942181 1.0120613404
0.949119518283 1.00135591576 20.832666656 15.0 [1] [1] [0] 1.00754942181 1.0120613404
0.949119518283 1.00332634702 20.832666656 8.12403840464 [1] [1] [0] 1.00754942181 1.0120613404
0.886236491924 1.00332634702 78.5111457056 8.12403840464 [1] [1] [0] 1.00754942181 1.0120613404
0.886236491924 1.01113654624 78.5111457056 6.32455532034 [1] [1] [0] 1.00754942181 1.0120613404
1.02466345964 1.01113654624 38.7943294825 6.32455532034 [1] [1] [0] 1.05193551284 1.0120613404
1.02466345964 1.00319902625 38.7943294825 11.7046999107 [1] [1] [0] 1.08672748715 1.0120613404
1.02466345964 1.00319902625 38.7943294825 11.7046999107 [1] [1] [0] 1.08672748715 1.0120613404
1.06681784973 1.01217215393 167.146642204 2.2360679775 [1] [1] [0] 1.08672748715 1.0120613404
1.06681784973 1.01217215393 167.146642204 2.2360679775 [1] [1] [0] 1.08672748715 1.0120613404
1.0672599927 1.02524604248 175.755512005 9.89949493661 [1] [1] [0] 1.08672748715 1.0120613404
1.0672599927 1.02524604248 175.755512005 9.89949493661 [1] [1] [0] 1.08672748715 1.0120613404
1.07189446172 1.02186533623 120.57777573 12.8062484749 [1] [1] [0] 1.08672748715 1.0120613404
1.07189446172 1.02186533623 120.57777573 12.8062484749 [1] [1] [0] 1.08672748715 1.0120613404
1.02968575598 1.00661640591 37.5898922584 8.12403840464 [1] [1] [0] 1.08672748715 1.0120613404
0.945118265004 1.00661640591 44.0227214061 8.12403840464 [1] [1] [0] 1.08672748715 1.0120613404
0.945118265004 1.01099043968 44.0227214061 9.53939201417 [1] [1] [0] 1.08672748715 1.0120613404
0.945118265004 1.01099043968 33.4813380856 9.53939201417 [1] [1] [0] 1.08672748715 1.0120613404
0.898701434254 1.00411005635 33.4813380856 7.34846922835 [1] [1] [0] 1.08672748715 1.0120613404
0.898701434254 1.00411005635 33.4813380856 7.34846922835 [1] [1] [0] 1.08672748715 1.0120613404
0.93101307324 0.992883593926 21.2602916255 4.58257569496 [1] [1] [0] 1.08672748715 1.0120613404
0.93101307324 0.992883593926 21.2602916255 4.58257569496 [1] [1] [0] 1.08672748715 1.0120613404
0.958841312548 0.993552753192 15.7797338381 13.3790881603 [1] [1] [0] 1.08672748715 1.0120613404
0.958841312548 0.993552753192 15.7797338381 13.3790881603 [1] [1] [0] 1.08672748715 1.0120613404
0.958243727429 1.01442155582 18.4661853126 13.152946438 [1] [1] [0] 1.08672748715 1.0120613404
0.958243727429 1.01442155582 18.4661853126 13.152946438 [1] [1] [0] 1.08672748715 1.0120613404
0.960004497095 1.02390190674 20.591260282 10.1980390272 [1] [1] [0] 1.08672748715 1.0120613404
0.960004497095 1.02390190674 20.591260282 10.1980390272 [1] [1] [0] 1.08672748715 1.0120613404
1.00299657237 1.01932852415 19.6468827044 5.0 [1] [1] [0] 1.08672748715 1.0120613404
1.04614450285 1.01490796058 18.0277563773 8.48528137424 [1] [1] [0] 1.08672748715 1.0120613404
1.04614450285 1.01490796058 18.0277563773 8.48528137424 [1] [1] [0] 1.08672748715 1.0120613404
0.999319573987 0.997879442252 5.09901951359 49.4165964024 [1] [1] [0] 1.08672748715 1.0120613404
0.999319573987 0.997879442252 5.09901951359 49.4165964024 [1] [1] [0] 1.08672748715 1.0120613404
0.99769373766 1.09275211012 5.38516480713 32.2955105239 [1] [1] [0] 1.08672748715 1.0120613404
0.994944857427 1.02057628604 9.8488578018 12.409673646 [1] [1] [0] 1.08672748715 1.0120613404
0.998790840715 1.0235168264 10.8627804912 20.4694894905 [1] [1] [0] 1.08672748715 1.0120613404
1.00649972156 1.0235168264 8.83176086633 20.4694894905 [1] [1] [0] 1.08672748715 1.0120613404
1.00426810796 1.0374905669 9.69535971483 200.728672591 [1] [1] [0] 1.08672748715 1.0120613404
1.00426810796 1.0374905669 9.69535971483 200.728672591 [1] [1] [0] 1.08672748715 1.0120613404
1.01096923711 0.984983945361 7.07106781187 86.4927742647 [1] [1] [0] 1.08672748715 1.0120613404
1.00819317029 1.06402762238 5.9160797831 10.4880884817 [1] [1] [0] 1.08672748715 1.0120613404
1.01026918678 1.00480119179 7.48331477355 35.0142828 [1] [1] [0] 1.08672748715 1.0120613404
0.999181395189 1.00480119179 9.53939201417 35.0142828 [1] [1] [0] 1.08672748715 1.0120613404
0.999181395189 0.990772334219 9.53939201417 46.6904701197 [1] [1] [0] 1.08672748715 1.0120613404
0.99525313672 1.035007159 8.36660026534 39.4461658466 [1] [1] [0] 1.08672748715 1.0120613404
1.00651497523 0.959769523682 6.48074069841 8.30662386292 [1] [1] [0] 1.08672748715 1.0120613404
1.02209648805 0.974821198907 5.09901951359 6.0827625303 [1] [1] [0] 1.08672748715 1.0120613404
1.01896790468 0.98630983217 9.05538513814 10.246950766 [1] [1] [0] 1.08672748715 1.0120613404
1.011670697 1.04232276522 13.9283882772 8.54400374532 [1] [1] [0] 1.08672748715 1.0120613404
0.99651889534 1.06700192965 15.8429795178 5.0 [1] [1] [0] 1.08672748715 1.0120613404
0.993499214081 1.02852774681 13.3416640641 17.7200451467 [1] [1] [0] 1.08672748715 1.0120613404
1.04256151877 1.00476356628 31.0161248385 7.87400787401 [1] [1] [0] 1.08672748715 1.0120613404
0.9576908848 1.02557892165 12.8062484749 15.2643375225 [1] [1] [0] 1.08672748715 1.0120613404
0.93748923259 1.01522206019 8.60232526704 13.1909059583 [1] [1] [0] 1.08672748715 1.0120613404
0.968008420795 1.01522206019 18.1383571472 13.1909059583 [1] [1] [0] 1.08672748715 1.0120613404
1.01325066965 0.972146406193 18.0277563773 15.3948043183 [1] [1] [0] 1.08672748715 1.0120613404
0.957597638777 0.943233169748 14.7648230602 2.2360679775 [1] [1] [0] 1.08672748715 1.0120613404
0.910629817105 0.964486797549 16.3401346384 12.2065556157 [1] [1] [0] 1.08672748715 1.0120613404
0.95498169518 0.971181733887 43.0464865001 15.6843871414 [1] [1] [0] 1.08672748715 1.0120613404
1.00120324038 0.971924464215 26.2868788562 17.0587221092 [1] [1] [0] 1.08672748715 1.0120613404
1.040117793 1.01304732463 27.8208554865 18.4932420089 [1] [1] [0] 1.08672748715 1.0120613404
1.05372699236 1.01304732463 19.0262975904 18.4932420089 [1] [1] [0] 1.08672748715 1.0120613404
1.02130876574 1.00280099064 10.7703296143 16.2788205961 [1] [1] [0] 1.08672748715 1.0120613404
0.996773332039 0.983467503966 8.77496438739 12.8840987267 [1] [1] [0] 1.08672748715 1.0120613404
0.996773332039 0.97216240056 8.77496438739 19.0262975904 [1] [1] [0] 1.08672748715 1.0120613404
0.991142555628 0.997669762669 7.0 19.6468827044 [1] [1] [0] 1.08672748715 1.0120613404
0.983198904176 1.00653262289 8.30662386292 24.4131112315 [1] [1] [0] 1.08672748715 1.0120613404
1.00428690082 0.962032687756 71.5611626513 54.7722557505 [1] [1] [0] 1.08672748715 1.0120613404
0.988679374757 0.923405108677 68.9492567038 53.1224999412 [1] [1] [0] 1.08672748715 1.0120613404
0.943316354183 0.895420576613 63.7965516309 43.8406204336 [1] [1] [0] 1.08672748715 1.0120613404
0.921046481586 0.860112651634 55.2630075186 39.5727178748 [1] [1] [0] 1.08672748715 1.0120613404
0.949944136141 0.95535088039 65.3452370108 46.9574275275 [1] [1] [0] 1.08672748715 1.0120613404
1.06290261244 1.14675646197 104.450945424 62.7136348811 [1] [1] [0] 1.08672748715 1.0120613404
1.12281520395 1.28140704443 111.651242716 73.1163456417 [1] [1] [0] 1.08672748715 1.0120613404
1.12281520395 1.28140704443 111.651242716 73.1163456417 [1] [1] [0] 1.08672748715 1.0120613404
1.04178392258 1.20203979963 90.3437878329 45.3210767745 [1] [1] [0] 1.08672748715 1.0120613404
0.949075753266 1.03078351171 78.5748051223 71.4842640026 [1] [1] [0] 1.08672748715 1.0120613404
0.938028289239 0.955682472859 75.2396172239 97.9438614718 [1] [1] [0] 1.08672748715 1.0120613404
0.968928424099 1.0228604779 78.3007024234 85.1116913238 [1] [1] [0] 1.08672748715 1.0120613404
1.01474123538 1.07466279653 81.3695274658 137.364478669 [1] [1] [0] 1.08672748715 1.0120613404
1.01474123538 1.07466279653 81.3695274658 137.364478669 [1] [1] [0] 1.08672748715 1.0120613404
1.0531852668 1.11474941662 57.2188780037 102.107786187 [1] [1] [0] 1.08672748715 1.0120613404
1.02848900893 1.0383168151 40.9878030638 78.1280999385 [1] [1] [0] 1.08672748715 1.0120613404
1.01151873189 0.981881514987 29.0 48.938737213 [1] [1] [0] 1.08672748715 1.0120613404
1.00313494569 0.988133373317 26.7020598456 22.7376340018 [1] [1] [0] 1.08672748715 1.0120613404
0.993865345235 0.966943941166 19.2613602843 24.289915603 [1] [1] [0] 1.08672748715 1.0120613404
0.983918500562 0.843533733548 28.8617393793 12.2065556157 [1] [1] [0] 1.08672748715 1.0120613404
0.966251146956 0.810763003436 27.9642629082 31.3209195267 [1] [1] [0] 1.08672748715 1.0120613404
0.946105542291 0.921427820505 44.226688775 42.9418211072 [1] [1] [0] 1.08672748715 1.0120613404
0.93603148794 0.96647011717 71.1336769751 58.7367006224 [1] [1] [0] 1.08672748715 1.0120613404
0.979363839604 0.951989577128 38.1313519299 66.8281377864 [1] [1] [0] 1.08672748715 1.0120613404
1.00636058945 0.982306146166 25.3179778023 79.2590688817 [1] [1] [0] 1.08672748715 1.0120613404
1.03208683976 1.02911347946 25.7099202644 58.762232769 [1] [1] [0] 1.08672748715 1.0120613404
1.03208683976 1.02150106035 25.7099202644 61.302528496 [1] [1] [0] 1.08672748715 1.0120613404
1.01525927089 1.02150106035 25.9229627936 61.302528496 [1] [1] [0] 1.08672748715 1.0120613404
1.01181615572 1.06204889244 17.5783958312 58.4978632088 [1] [1] [0] 1.08672748715 1.0120613404
1.11738023424 1.25560616378 30.5614135799 54.9545266561 [1] [1] [0] 1.08672748715 1.0120613404
1.18438402476 1.15858054376 12.0830459736 15.2643375225 [1] [1] [0] 1.08672748715 1.0120613404
1.18438402476 1.05339497761 12.0830459736 29.7489495613 [1] [1] [0] 1.08672748715 1.0120613404
1.02114926262 1.01221075901 10.8627804912 11.2249721603 [1] [1] [0] 1.08672748715 1.0120613404
1.02114926262 1.00485139703 10.8627804912 28.7054001888 [1] [1] [0] 1.08672748715 1.0120613404
0.943975481529 0.944137913412 8.77496438739 20.1494416796 [1] [1] [0] 1.08672748715 1.0120613404
0.898231996569 0.944137913412 19.8494332413 20.1494416796 [1] [1] [0] 1.08672748715 1.0120613404
0.882797057139 0.996714029886 38.6910842443 19.4164878389 [1] [1] [0] 1.08672748715 1.0120613404
0.924165903681 1.04691811511 26.5706605112 36.1801050303 [1] [1] [0] 1.08672748715 1.0120613404
0.939275308399 1.04691811511 21.4242852856 36.1801050303 [1] [1] [0] 1.08672748715 1.0120613404
0.962327222031 1.11908485217 36.9323706252 68.3593446429 [1] [1] [0] 1.08672748715 1.0120613404
0.188017875663 0.730509276127 131.217376898 74.3908596536 [1] [1] [0] 1.08672748715 1.0120613404
0.315475543652 0.902867586511 93.9840411985 164.866612751 [1] [1] [0] 1.08672748715 1.0120613404
0.611042553583 0.781749347747 125.063983624 65.0076918526 [1] [1] [0] 1.08672748715 1.0120613404
0.715332836844 0.781749347747 125.063983624 65.0076918526 [1] [1] [0] 1.08672748715 1.0120613404
0.420923887551 0.620197868642 70.9506871003 51.2737749732 [1] [1] [0] 1.08672748715 1.0120613404
0.420923887551 0.620197868642 70.9506871003 51.2737749732 [1] [1] [0] 1.08672748715 1.0120613404
0.420923887551 1.19463898929 70.9506871003 207.306536318 [1] [1] [0] 1.08672748715 0.819853421983
0.292641451668 1.19463898929 165.351141514 207.306536318 [1] [1] [0] 1.08672748715 0.819853421983
0.176834602946 0.84049164722 134.736780428 200.743617582 [1] [1] [0] 1.08672748715 0.819853421983
0.176834602946 0.84049164722 134.736780428 200.743617582 [1] [1] [0] 1.08672748715 0.819853421983
0.22990075049 0.812405787064 99.6293129556 118.02965729 [1] [1] [0] 1.03366133961 0.819853421983
0.22990075049 0.812405787064 99.6293129556 118.02965729 [1] [1] [0] 1.03366133961 0.819853421983
0.262156308207 1.63225920905 131.350675674 399.349471015 [1] [1] [0] 1.00140578189 0.711035467552
0.988835585834 0.960046941888 43.3128156554 35.0142828 [0] [0] [0] 0.296134951378 0.148940961372
0.988835585834 0.921223741495 43.3128156554 25.495097568 [0] [0] [0] 0.296134951378 0.148940961372
1.00533417629 0.958766900482 30.5122926048 28.9136645896 [0] [0] [0] 0.296134951378 0.130890350651
1.16086792074 0.986799096927 30.4138126515 16.6733320005 [0] [0] [0] 0.296134951378 0.130890350651
1.22877011578 0.996553948298 17.4928556845 13.4536240471 [0] [0] [0] 0.296134951378 0.130890350651
1.2635620901 1.00503269763 17.4642491966 20.3469899494 [0] [0] [0] 0.296134951378 0.130890350651
1.15321545461 1.00503269763 18.2482875909 20.3469899494 [0] [0] [0] 0.275386097055 0.130890350651
1.15321545461 0.957955124215 18.2482875909 19.6468827044 [0] [0] [0] 0.275386097055 0.130890350651
1.09963178411 0.939274352216 19.0525588833 8.66025403784 [0] [0] [0] 0.275386097055 0.130890350651
1.00636994521 1.01575092041 25.1992063367 24.1660919472 [0] [0] [0] 0.275386097055 0.127935754219
1.00636994521 1.01575092041 25.1992063367 29.0344622819 [0] [0] [0] 0.275386097055 0.127935754219
1.03634472782 0.998285016556 17.4928556845 29.0344622819 [0] [0] [0] 0.275386097055 0.127935754219
1.08034679057 0.98224708194 14.4913767462 15.6843871414 [0] [0] [0] 0.275386097055 0.127935754219
1.16500723259 1.04825822677 14.3527000944 14.6287388383 [0] [0] [0] 0.275386097055 0.127935754219
1.24281323578 1.05042757209 31.6385840391 12.0415945788 [0] [0] [0] 0.275386097055 0.127935754219
1.23115554704 1.03860233792 37.947331922 11.3578166916 [0] [0] [0] 0.263728408315 0.127935754219
1.17658220549 1.03992636872 42.0238027789 14.2478068488 [0] [0] [0] 0.209155066765 0.127935754219
1.17658220549 1.03992636872 42.0238027789 14.2478068488 [0] [0] [0] 0.209155066765 0.127935754219
1.11681819479 1.01899437224 41.0609303353 13.0384048104 [0] [0] [0] 0.149391056072 0.127935754219
1.05805473782 0.965294304889 40.7921561087 15.1657508881 [0] [0] [0] 0.0953366568224 0.127935754219
1.03499539058 0.968358834369 36.633318168 23.1732604525 [0] [0] [0] 0.0953366568224 0.127935754219
1.01952474057 0.961553017894 29.4278779391 16.6733320005 [0] [0] [0] 0.0953366568224 0.127935754219
1.02167046556 0.992423637367 26.8514431642 16.5529453572 [0] [0] [0] 0.0953366568224 0.127935754219
1.02645661922 1.00633357276 33.7490740614 21.6794833887 [0] [0] [0] 0.0953366568224 0.127935754219
0.9969611726 1.00487469543 27.8208554865 9.69535971483 [0] [0] [0] 0.0953366568224 0.159457696432
1.00073666723 1.02807604311 19.0262975904 14.2478068488 [0] [0] [0] 0.0953366568224 0.159457696432
1.00073666723 1.04275840969 19.0262975904 11.3578166916 [0] [0] [0] 0.0953366568224 0.159457696432
0.988430803522 1.04275840969 23.4093998214 11.3578166916 [0] [0] [0] 0.0953366568224 0.159457696432
0.978925262393 1.02763386084 24.5356882928 9.8488578018 [1] [0] [0] 0.414648014718 0.198245302348
0.975238255255 1.04283578158 17.2916164658 19.3907194297 [1] [0] [0] 0.414648014718 0.226739286919
1.00368929967 0.950286889582 24.0416305603 12.124355653 [1] [0] [0] 0.414648014718 0.304953082871
1.02251653964 1.02888953025 20.9045449604 10.7703296143 [1] [0] [0] 0.416353206904 0.304953082871
1.04074454142 1.0135209016 24.6576560119 16.3095064303 [1] [0] [0] 0.416353206904 0.304953082871
1.04074454142 1.0135209016 24.6576560119 16.3095064303 [1] [0] [0] 0.416353206904 0.304953082871
1.06276379554 1.00726084417 23.0 16.4316767252 [1] [0] [0] 0.416353206904 0.304953082871
0.996020486843 1.07016470287 7.54983443527 12.7671453348 [1] [0] [0] 0.416353206904 0.304953082871
0.992319685179 0.98792018967 2.44948974278 6.16441400297 [1] [0] [0] 0.416353206904 0.304953082871
0.978731407705 0.978789141865 11.4455231423 3.74165738677 [1] [0] [0] 0.416353206904 0.304953082871
0.970859542779 1.01063089228 8.60232526704 6.0 [1] [0] [0] 0.416353206904 0.304953082871
0.99209076479 0.969975672438 13.0 7.48331477355 [1] [0] [0] 0.416353206904 0.304953082871
1.00912242522 0.942228948649 16.6433169771 9.48683298051 [1] [0] [0] 0.416353206904 0.304953082871
1.01271500936 0.996813280941 8.66025403784 10.6301458127 [1] [0] [0] 0.416353206904 0.296850794599
1.01878103449 1.02669650278 6.7082039325 11.4455231423 [1] [0] [0] 0.416353206904 0.296850794599
1.01878103449 1.01731339683 6.7082039325 18.3847763109 [1] [0] [0] 0.416353206904 0.296850794599
1.01679505445 1.01651484284 5.38516480713 17.0293863659 [1] [0] [0] 0.420378397362 0.296850794599
1.00723246707 1.01651484284 5.38516480713 17.0293863659 [1] [0] [0] 0.420378397362 0.296850794599
1.00156066349 0.996994624612 7.07106781187 18.547236991 [1] [0] [0] 0.420378397362 0.296850794599
0.987922667654 1.03800249445 12.0415945788 13.1909059583 [1] [0] [0] 0.420378397362 0.296850794599
0.993171887395 1.0488740728 13.6014705087 9.48683298051 [1] [0] [0] 0.420378397362 0.296850794599
1.00813269285 0.982122920877 14.4568322948 6.40312423743 [1] [0] [0] 0.420378397362 0.296850794599
1.00813269285 0.982122920877 14.4568322948 6.40312423743 [1] [0] [0] 0.420378397362 0.296850794599
1.01610003531 1.02652702085 14.7986485869 15.9373774505 [1] [0] [0] 0.420378397362 0.296850794599
1.02114360847 1.00971645932 13.638181697 13.0766968306 [1] [0] [0] 0.420378397362 0.296850794599
1.01623814874 0.991133936221 13.4536240471 9.2736184955 [1] [0] [0] 0.420378397362 0.296850794599
1.00653594022 0.969860575282 17.4642491966 7.87400787401 [1] [0] [0] 0.420378397362 0.296850794599
1.01176725623 0.976191802849 20.0249843945 6.32455532034 [1] [0] [0] 0.420378397362 0.296850794599
1.00801875183 0.97082049451 18.7082869339 10.8166538264 [1] [0] [0] 0.420378397362 0.308033397108
0.997223029862 0.971302831463 24.819347292 8.0622577483 [1] [0] [0] 0.420378397362 0.447363686789
0.997223029862 0.981317101079 24.819347292 11.5758369028 [1] [0] [0] 0.420378397362 0.447363686789
1.00998868396 0.981317101079 16.8819430161 11.5758369028 [1] [0] [0] 0.420378397362 0.447363686789
0.998810161986 0.988419347799 15.9373774505 9.48683298051 [1] [0] [0] 0.420378397362 0.447363686789
0.997359688654 1.00812301388 20.0499376558 12.2065556157 [1] [0] [0] 0.420378397362 0.447363686789
1.00349899139 1.00520715451 21.9317121995 11.7473401245 [1] [0] [0] 0.420378397362 0.447363686789
0.997074562296 1.0278024558 18.8148877222 9.0 [1] [0] [0] 0.420378397362 0.447363686789
1.00443448215 1.05610094992 18.7082869339 4.58257569496 [1] [0] [0] 0.420378397362 0.447363686789
1.01751311538 1.0340768232 17.6068168617 5.38516480713 [1] [0] [0] 0.420378397362 0.447363686789
1.0138993329 1.00782237032 18.8148877222 7.54983443527 [1] [0] [0] 0.420378397362 0.447363686789
0.984216833339 1.03762726772 14.8660687473 12.0415945788 [1] [0] [0] 0.420378397362 0.447363686789
0.98112038265 1.02619258065 11.2249721603 15.0 [1] [0] [0] 0.420378397362 0.447363686789
0.986525927501 0.996607225331 9.43398113206 14.0356688476 [1] [0] [0] 0.420378397362 0.447363686789
0.990004832929 0.997378523783 8.30662386292 11.3578166916 [1] [0] [0] 0.420378397362 0.447363686789
1.02416111232 1.01760895601 7.87400787401 4.472135955 [1] [0] [0] 0.420378397362 0.447363686789
1.02416111232 1.01760895601 7.87400787401 4.472135955 [1] [0] [0] 0.420378397362 0.447363686789
1.01623621847 1.00472793746 8.60232526704 5.47722557505 [1] [0] [0] 0.420378397362 0.447363686789
1.00343513474 0.998655870925 9.43398113206 6.40312423743 [1] [0] [0] 0.420378397362 0.447363686789
1.00343513474 0.998655870925 9.43398113206 6.40312423743 [1] [0] [0] 0.420378397362 0.447363686789
1.00343513474 0.998118987482 9.43398113206 4.12310562562 [1] [0] [0] 0.420378397362 0.447363686789
1.00297373948 0.998118987482 9.38083151965 4.12310562562 [1] [0] [0] 0.420378397362 0.447363686789
1.00297373948 0.999456627881 9.38083151965 4.12310562562 [1] [0] [0] 0.420378397362 0.447363686789
0.996200522542 0.999456627881 10.4880884817 4.12310562562 [1] [0] [0] 0.420378397362 0.447363686789
0.996200522542 0.999648439708 10.4880884817 5.47722557505 [1] [0] [0] 0.420378397362 0.447363686789
0.993159891231 0.999648439708 12.6885775404 5.47722557505 [1] [0] [0] 0.420378397362 4.15579222992
0.993159891231 0.999648439708 12.6885775404 5.47722557505 [1] [0] [0] 0.420378397362 4.15579222992
1.01095791291 0.999652981254 14.7986485869 5.09901951359 [1] [0] [0] 0.420378397362 4.15579222992
1.01095791291 0.999652981254 14.7986485869 5.09901951359 [1] [0] [0] 0.450016342107 4.15579222992
1.0140820914 1.00609793512 17.2046505341 4.12310562562 [1] [0] [0] 0.450016342107 4.15579222992
1.0140820914 1.00609793512 17.2046505341 4.12310562562 [1] [0] [0] 0.450016342107 4.15579222992
1.02412853507 1.01432743976 11.1803398875 5.83095189485 [1] [0] [0] 0.450016342107 4.15579222992
1.02412853507 1.01432743976 11.1803398875 5.83095189485 [1] [0] [0] 0.450016342107 4.15579222992
1.02457878335 1.01496226252 5.38516480713 6.48074069841 [1] [0] [0] 0.450016342107 4.15579222992
1.02457878335 1.01496226252 5.38516480713 6.48074069841 [1] [0] [0] 0.450016342107 4.15579222992
1.02327883552 1.01860872701 5.83095189485 4.472135955 [1] [0] [0] 0.450697058854 4.15579222992
1.02327883552 1.01860872701 5.83095189485 4.472135955 [1] [0] [0] 0.450697058854 4.15579222992
1.01097992799 1.01446234774 11.0 1.0 [1] [0] [0] 0.450697058854 4.15579222992
1.01097992799 1.01446234774 11.0 1.0 [1] [0] [0] 0.450697058854 4.15579222992
0.987726666522 0.996697447887 13.9642400438 2.2360679775 [1] [0] [0] 0.450697058854 4.15579222992
0.97961460337 0.990389595234 11.2249721603 2.44948974278 [1] [0] [0] 0.450697058854 4.15579222992
0.97961460337 0.990389595234 11.2249721603 2.44948974278 [1] [0] [0] 0.450697058854 4.15579222992
0.97961460337 0.998718526631 11.2249721603 1.41421356237 [1] [0] [0] 0.450697058854 4.15579222992
0.995815255771 0.998718526631 11.5758369028 1.41421356237 [1] [0] [0] 0.450697058854 4.15579222992
0.995815255771 0.998718526631 11.5758369028 1.41421356237 [1] [0] [0] 0.450697058854 4.15579222992
1.00056113545 1.01709892106 8.77496438739 3.16227766017 [1] [0] [0] 0.450697058854 4.15579222992
1.00056113545 1.01709892106 8.77496438739 3.16227766017 [1] [0] [0] 0.450697058854 4.15579222992
1.00056113545 1.01625714167 8.77496438739 3.31662479036 [1] [0] [0] 0.450697058854 4.15579222992
1.00074045694 1.01625714167 11.5758369028 3.31662479036 [1] [0] [0] 0.450697058854 4.15579222992
1.00074045694 1.01625714167 11.5758369028 3.31662479036 [1] [0] [0] 0.498027430032 4.15579222992
0.997260201269 1.01579849983 9.43398113206 3.0 [1] [0] [0] 0.545910440265 4.15579222992
0.997260201269 1.01579849983 9.43398113206 3.0 [1] [0] [0] 0.545910440265 4.15579222992
0.993625423762 1.00520572866 10.3440804328 4.12310562562 [1] [0] [0] 0.545910440265 4.15579222992
0.989064675806 1.00362375425 10.677078252 3.0 [1] [0] [0] 0.545910440265 4.15579222992
1.01133461275 1.02570369186 9.69535971483 9.2736184955 [1] [0] [0] 0.545910440265 4.15579222992
1.01751713904 1.03639803958 11.8321595662 3.60555127546 [1] [0] [0] 0.545910440265 4.15579222992
1.01495053177 1.00012959286 16.4012194669 8.18535277187 [1] [0] [0] 0.545910440265 4.15579222992
1.00571988061 0.985724551231 16.7332005307 13.0 [1] [0] [0] 0.545910440265 4.15579222992
0.989840438563 0.993030201954 18.3847763109 17.378147197 [1] [0] [0] 0.545910440265 4.15579222992
0.9723983238 0.977251971846 18.973665961 17.691806013 [1] [0] [0] 0.545910440265 4.15579222992
0.967427138722 0.99168499023 16.7630546142 10.7238052948 [1] [0] [0] 0.545910440265 4.15579222992
0.976940067319 1.01939976543 12.3288280059 10.6301458127 [1] [0] [0] 0.545910440265 4.15579222992
0.982441501833 1.01052104321 15.8113883008 16.0934769394 [1] [0] [0] 0.545910440265 4.15579222992
0.999244668248 1.01465129909 14.1774468788 15.6524758425 [1] [0] [0] 0.545910440265 4.15579222992
1.00224573167 1.02907706446 10.0498756211 8.36660026534 [1] [0] [0] 0.545910440265 4.15579222992
1.00076541688 1.02847114883 10.6301458127 8.60232526704 [1] [0] [0] 0.545910440265 4.15579222992
1.00880001442 1.0011422935 12.0415945788 13.0766968306 [1] [0] [0] 0.545910440265 4.15579222992
1.01243760917 0.981438176641 14.3527000944 20.8086520467 [1] [0] [0] 0.545910440265 4.15579222992
1.01243760917 0.981438176641 14.3527000944 20.8086520467 [1] [0] [0] 0.545910440265 4.15579222992
1.00716757803 1.01980835798 15.9373774505 17.0293863659 [1] [0] [0] 0.545910440265 4.15579222992
1.02712074107 1.03074950107 16.3401346384 20.0997512422 [1] [0] [0] 0.545910440265 4.15579222992
1.02793688203 1.02813079147 24.289915603 25.179356624 [1] [0] [0] 0.545910440265 4.16740640301
0.97449903408 1.01432520613 16.8226038413 6.48074069841 [1] [0] [0] 0.545910440265 4.18058355343
0.968144202554 0.994548576885 16.7630546142 9.11043357914 [1] [0] [0] 0.545910440265 4.18135218511
0.970942690505 0.974393222755 18.3575597507 8.60232526704 [1] [0] [0] 0.545910440265 4.18135218511
0.99531101449 0.950331236921 15.2970585408 7.14142842854 [1] [0] [0] 0.545910440265 4.18135218511
1.01339535797 0.977176981989 12.2474487139 15.9059737206 [1] [0] [0] 0.545910440265 4.18135218511
1.02091008107 1.01280642862 11.3578166916 26.4386081328 [1] [0] [0] 0.545910440265 4.18135218511
1.03153313745 1.02750087579 5.0 23.9374184072 [1] [0] [0] 0.545910440265 4.18135218511
1.03153313745 1.06058802076 5.0 17.2626765016 [1] [0] [0] 0.545910440265 4.18135218511
1.02358247534 1.05904412195 8.12403840464 19.9248588452 [1] [0] [0] 0.545910440265 4.18135218511
1.02346576854 1.01061686378 11.0905365064 4.35889894354 [1] [0] [0] 0.545910440265 4.18135218511
1.0270956171 1.00021591886 11.5758369028 15.5563491861 [1] [0] [0] 0.545910440265 4.18135218511
1.01761706041 0.995021454271 7.87400787401 14.3527000944 [1] [0] [0] 0.545910440265 4.18135218511
1.01824610538 0.982975237963 12.0415945788 10.3923048454 [1] [0] [0] 0.545910440265 4.18135218511
1.01157872096 0.975429889413 19.2353840617 4.24264068712 [1] [0] [0] 0.545910440265 4.18135218511
0.999437052684 0.996715651856 21.4709105536 7.81024967591 [1] [0] [0] 0.545910440265 4.18135218511
1.00012095799 1.10168664508 26.1916017074 37.4966665185 [1] [0] [0] 0.545910440265 4.18135218511
0.985591069092 1.08863652692 25.7875939165 28.1069386451 [1] [0] [0] 0.545910440265 4.18135218511
0.985591069092 1.08863652692 25.7875939165 28.1069386451 [1] [0] [0] 0.545910440265 4.18135218511
0.970707626451 1.02362759735 13.5646599663 15.4272486205 [1] [0] [0] 0.545910440265 4.18135218511
1.38207515344 1.140474251 41.2310562562 98.6813052204 [1] [0] [0] 0.545910440265 4.18135218511
1.3504771084 1.16896823557 41.701318924 94.9420876113 [1] [0] [0] 0.51431239523 4.18135218511
1.32748726215 1.24718203152 45.3982378513 101.493842178 [1] [0] [0] 0.491322548976 4.18135218511
0.965721946536 1.09097304216 16.6433169771 58.4893152636 [1] [0] [0] 0.377835874839 4.18135218511
0.984257978671 1.03138150514 15.2970585408 34.4963766213 [1] [0] [0] 0.377835874839 4.18135218511
0.998604550143 1.03138150514 24.3721152139 34.4963766213 [1] [0] [0] 0.377835874839 4.18135218511
0.998604550143 1.01118615566 24.3721152139 34.0147027034 [1] [0] [0] 0.377835874839 4.18135218511
0.999243823895 1.01143726653 19.4679223339 18.7882942281 [1] [0] [0] 0.377835874839 4.18135218511
1.00991168219 1.03595176246 11.5325625947 23.6854385647 [1] [0] [0] 0.377835874839 4.18135218511
1.01865461458 1.03595176246 35.9444015112 23.6854385647 [1] [0] [0] 0.377835874839 4.18135218511
1.01379189494 1.00659904353 60.049979184 50.8133840637 [1] [0] [0] 0.377835874839 4.18135218511
1.01687468551 1.05968126684 52.3259018078 38.4967531098 [1] [0] [0] 0.377835874839 4.18135218511
1.02358579284 1.02119451021 35.6230262611 28.0356915378 [1] [0] [0] 0.377835874839 4.18135218511
1.01317167394 1.00001010715 21.1187120819 16.3095064303 [1] [0] [0] 0.377835874839 4.18135218511
0.993051571942 0.998336726953 17.8325545001 14.5258390463 [1] [0] [0] 0.377835874839 4.18135218511
0.975030401751 1.00468173376 20.0997512422 10.0 [1] [0] [0] 0.377835874839 4.18135218511
0.961696756078 1.0267571546 11.0453610172 15.6204993518 [1] [0] [0] 0.377835874839 4.18135218511
0.979878320602 1.04031408409 11.5758369028 13.9283882772 [1] [0] [0] 0.377835874839 4.18135218511
0.99466293814 1.02840159579 18.3575597507 17.8325545001 [1] [0] [0] 0.377835874839 4.18135218511
1.02348485486 1.05501452031 17.0587221092 24.289915603 [1] [0] [0] 0.377835874839 4.18135218511
1.04806429415 1.06780303213 14.3527000944 15.0665191733 [1] [0] [0] 0.377835874839 4.18135218511
0.99842432218 1.06657297206 24.6779253585 42.0713679359 [1] [0] [0] 0.377835874839 4.18135218511
0.99842432218 1.06657297206 24.6779253585 42.0713679359 [1] [0] [0] 0.377835874839 4.18135218511
1.00786039357 1.06145485815 14.0712472795 47.2228758125 [1] [0] [0] 0.377835874839 4.18135218511
1.00786039357 1.04714890936 14.0712472795 21.2367605816 [1] [0] [0] 0.377835874839 4.18135218511
1.00749120395 1.04714890936 9.8488578018 21.2367605816 [1] [0] [0] 0.377835874839 4.18135218511
1.00994035093 1.01689850198 8.60232526704 42.8252262107 [1] [0] [0] 0.377835874839 4.18135218511
1.00994035093 1.01689850198 8.60232526704 42.8252262107 [1] [0] [0] 0.377835874839 4.18135218511
1.00571526018 0.939148634411 21.1187120819 97.575611707 [1] [0] [0] 0.377835874839 4.18135218511
1.00571526018 0.799818344731 21.1187120819 274.351963725 [1] [0] [0] 0.377835874839 4.18135218511
0.990956645599 0.799818344731 43.9089968002 274.351963725 [1] [0] [0] 0.377835874839 4.18135218511
0.990956645599 1.03770450956 43.9089968002 131.506653824 [1] [0] [0] 0.377835874839 4.18135218511
0.981289761139 1.03770450956 39.6736688498 131.506653824 [1] [0] [0] 0.377835874839 4.18135218511
0.981289761139 1.1320593467 39.6736688498 91.7442096265 [1] [0] [0] 0.377835874839 4.18135218511
0.978918487234 1.1320593467 21.5638586528 91.7442096265 [1] [0] [0] 0.377835874839 4.18135218511
0.978918487234 1.07284335523 21.5638586528 79.7119815335 [1] [0] [0] 0.377835874839 4.18135218511
0.986258786546 1.07284335523 18.4661853126 79.7119815335 [1] [0] [0] 0.377835874839 4.18135218511
1.03187020352 0.961747175933 15.0 50.4876222455 [1] [0] [0] 0.377835874839 4.18135218511
1.03187020352 0.961747175933 15.0 50.4876222455 [1] [0] [0] 0.377835874839 4.18135218511
1.03358752021 1.0108065092 42.201895692 52.2398315464 [1] [0] [0] 0.377835874839 4.18135218511
1.03358752021 1.0108065092 42.201895692 52.2398315464 [1] [0] [0] 0.377835874839 4.18135218511
1.00936988185 0.975070920442 52.3545604508 66.8730139892 [1] [0] [0] 0.377835874839 4.18135218511
1.00936988185 0.975070920442 52.3545604508 66.8730139892 [1] [0] [0] 0.377835874839 4.18135218511
0.983383145064 0.985894694647 40.1248052955 87.8806008172 [1] [0] [0] 0.377835874839 4.18135218511
0.983383145064 0.985894694647 40.1248052955 87.8806008172 [1] [0] [0] 0.377835874839 4.18135218511
0.977980514933 1.00804744364 41.0243829935 82.2435407798 [1] [0] [0] 0.377835874839 4.18135218511
0.977980514933 0.979252848047 41.0243829935 73.10266753 [1] [0] [0] 0.377835874839 4.18135218511
0.998031582164 0.985671352003 54.2402064893 80.5605362445 [1] [0] [0] 0.377835874839 4.18135218511
1.03238984986 0.985671352003 55.8838080306 80.5605362445 [1] [0] [0] 0.377835874839 4.18135218511
1.0418987487 1.04275970629 54.680892458 93.3005894944 [1] [0] [0] 0.377835874839 4.18135218511
1.02188403821 1.11094086642 50.5173237613 67.7864293203 [1] [0] [0] 0.377835874839 4.18135218511
0.994931776402 1.06190101993 51.6333225737 107.842477716 [1] [0] [0] 0.377835874839 4.18135218511
0.994931776402 1.03462959476 51.6333225737 103.503623125 [1] [0] [0] 0.377835874839 4.18135218511
0.988489140387 4.95561057465 56.8858506133 59.3464404998 [1] [0] [0] 0.377835874839 4.18135218511
0.997930861225 1.12069258876 44.5533388199 65.5820097283 [1] [0] [0] 0.377835874839 2.8461186629
0.997930861225 1.04028138299 44.5533388199 65.3834841531 [1] [0] [0] 0.377835874839 2.8461186629
0.932058811333 1.00420792086 62.7853486094 51.7204021639 [1] [0] [0] 0.377835874839 2.8461186629
0.941727701761 0.920214889337 57.0350769264 43.0116263352 [1] [0] [0] 0.377835874839 2.8461186629
0.953158695602 0.874245297126 52.9716905526 33.3616546352 [1] [0] [0] 0.377835874839 2.8461186629
0.948866518499 0.861456869021 50.4579032462 22.5831795813 [1] [0] [0] 0.377835874839 2.8461186629
0.948866518499 0.826549324437 50.4579032462 13.3041346957 [1] [0] [0] 0.377835874839 2.8461186629
0.950176987373 0.841603995999 39.2173431023 20.4205778567 [1] [0] [0] 0.377835874839 2.8461186629
0.945828437622 0.910595345504 31.6227766017 21.3775583264 [1] [0] [0] 0.377835874839 2.8461186629
0.931378094586 0.939014421154 23.0217288664 24.0416305603 [1] [0] [0] 0.377835874839 2.8461186629
0.94837407589 0.939014421154 19.5448202857 24.0416305603 [1] [0] [0] 0.377835874839 2.8461186629
0.94837407589 0.991031957725 19.5448202857 20.6397674406 [1] [0] [0] 0.377835874839 2.8461186629
0.978247098963 1.02494130774 22.4944437584 17.7482393493 [1] [0] [0] 0.377835874839 2.8461186629
1.00195400986 1.01617709687 22.5831795813 19.6214168703 [1] [0] [0] 0.377835874839 2.8461186629
1.00964665879 1.00520336116 17.9722007556 18.0554700853 [1] [0] [0] 0.377835874839 2.8461186629
1.0133341629 1.00520336116 13.7477270849 18.0554700853 [1] [0] [0] 0.377835874839 2.8461186629
1.0259612538 1.02478471878 15.1657508881 15.7797338381 [1] [0] [0] 0.377835874839 2.8461186629
1.02864208317 1.04702640228 11.1803398875 12.3693168769 [1] [0] [0] 0.377835874839 2.8461186629
1.04196698821 1.01530845192 6.40312423743 20.2731349327 [1] [0] [0] 0.377835874839 2.8461186629
1.06215045443 1.01268733312 9.48683298051 17.1172427686 [1] [0] [0] 0.377835874839 2.8461186629
1.08223214115 1.04953773709 16.1554944214 21.7715410571 [1] [0] [0] 0.377835874839 2.8461186629
0.933452107082 1.07723378017 75.2661942707 69.77105417 [1] [0] [0] 0.377835874839 2.8461186629
0.933452107082 0.958982234117 75.2661942707 64.8536814684 [1] [0] [0] 0.377835874839 2.8461186629
0.884047723407 0.923456240795 104.623133197 58.3180932473 [1] [0] [0] 0.377835874839 2.8461186629
0.836164713175 0.902432422152 91.5478017213 37.8549864615 [1] [0] [0] 0.377835874839 2.8461186629
0.841715261306 0.808705163499 63.8278935889 14.0712472795 [1] [0] [0] 0.372285326707 2.8461186629
0.876907094287 0.804831322178 49.8598034493 27.276363394 [1] [0] [0] 0.337093493727 2.8461186629
0.916407761584 0.841109374636 38.6522961802 33.6154726279 [1] [0] [0] 0.323715880049 2.8461186629
0.957477202364 0.864958453241 29.0172362571 9.69535971483 [1] [0] [0] 0.323715880049 2.8461186629
0.996409850969 0.881253729805 31.9687347263 33.1209903234 [1] [0] [0] 0.323715880049 2.8461186629
1.01826101762 0.939480061801 27.0 61.6927872607 [1] [0] [0] 0.323715880049 2.8461186629
1.02843824703 0.939480061801 22.5831795813 61.6927872607 [1] [0] [0] 0.323715880049 2.8461186629
1.02843824703 1.023881919 22.5831795813 67.0 [1] [0] [0] 0.323715880049 2.8461186629
1.04139127723 1.08011081121 29.3087017795 56.5154846038 [1] [0] [0] 0.323715880049 2.8461186629
1.05022423406 1.10566905099 25.9807621135 56.053545829 [1] [0] [0] 0.323715880049 2.8461186629
1.05051668976 1.11330254455 10.0498756211 67.2309452559 [1] [0] [0] 0.323715880049 2.8461186629
1.04958522733 1.11533756035 23.769728648 13.3041346957 [1] [0] [0] 0.323715880049 2.8461186629
1.11086544409 1.15568529101 26.6833281283 23.3452350599 [1] [0] [0] 0.323715880049 2.8461186629
1.16426126897 1.17624752871 25.495097568 62.329768169 [1] [0] [0] 0.323715880049 2.8461186629
1.09431704318 1.10494896961 41.218927691 51.3127664427 [1] [0] [0] 0.323715880049 2.8461186629
1.01033064101 1.00521414912 64.3583716388 33.0302891298 [1] [0] [0] 0.323715880049 2.8461186629
1.01033064101 1.00521414912 64.3583716388 33.0302891298 [1] [0] [0] 0.323715880049 2.8461186629
0.99904714989 1.07654879097 46.1735855225 61.2045749924 [1] [0] [0] 0.323715880049 2.8461186629
1.01116259197 3.62037705244 31.064449134 257.27222936 [1] [0] [0] 0.323715880049 2.8461186629
0.890284707964 0.816952053368 60.2909611799 37.9605057922 [1] [0] [0] 0.323715880049 0.484287585851
0.890284707964 0.788204171641 60.2909611799 27.2946881279 [1] [0] [0] 0.323715880049 0.484287585851
0.904713260003 0.775027021224 27.276363394 7.54983443527 [1] [0] [0] 0.30928732801 0.484287585851
0.920508229305 0.774258389542 11.0 31.2729915422 [1] [0] [0] 0.293492358708 0.484287585851
0.95638648756 0.805424532379 37.9868398264 45.19955752 [1] [0] [0] 0.285355969953 0.453121443015
0.956802367006 0.85052923883 40.6078810085 28.4604989415 [1] [0] [0] 0.285355969953 0.408016736563
0.93560019758 0.891474381083 51.3517283059 32.3264597505 [1] [0] [0] 0.285355969953 0.369423384317
0.948290218577 0.931624821608 81.3695274658 27.3678643668 [1] [0] [0] 0.285355969953 0.369423384317
0.973888018914 1.0195958706 93.5628131257 24.7790233867 [1] [0] [0] 0.285355969953 0.369423384317
1.00687793167 1.10365698237 81.0061726043 22.045407685 [1] [0] [0] 0.285355969953 0.369423384317
1.04746580739 1.14373246576 52.4785670536 20.8566536146 [1] [0] [0] 0.285355969953 0.369423384317
1.16217617593 1.18562952561 42.083250825 26.495282599 [1] [0] [0] 0.285355969953 0.369423384317
1.16217617593 1.25854597539 42.083250825 19.2093727123 [1] [0] [0] 0.285355969953 0.369423384317
1.21400058801 1.23396158654 32.9545141066 35.0570962859 [1] [0] [0] 0.285355969953 0.344838995465
1.11349763239 1.23396158654 33.0302891298 35.0570962859 [1] [0] [0] 0.184853014326 0.344838995465
1.02411345251 1.05191474151 65.4064217031 73.7631344236 [1] [0] [0] 0.172069910325 0.230108400865
1.02062414081 0.994767533299 63.1426955395 26.8700576851 [0] [0] [0] 0.172069910325 0.230108400865
1.03440449379 1.11923099194 34.885527085 51.5848815061 [0] [0] [0] 0.172069910325 0.230108400865
1.03440449379 1.05475433822 34.885527085 40.2740611312 [0] [0] [0] 0.172069910325 0.216347321844
1.04841912965 1.01712152605 42.2492603486 29.6310647801 [0] [0] [0] 0.172069910325 0.216347321844
1.00234086515 1.01712152605 44.418464629 29.6310647801 [0] [0] [0] 0.172069910325 0.216347321844
1.00234086515 1.05757427314 44.418464629 26.495282599 [0] [0] [0] 0.172069910325 0.216347321844
0.940621594572 1.009203469 31.6385840391 41.1096095822 [0] [0] [0] 0.172069910325 0.216347321844
0.967094209027 0.908911771385 35.0570962859 16.1554944214 [0] [0] [0] 0.172069910325 0.216347321844
0.967094209027 0.908911771385 35.0570962859 16.1554944214 [0] [0] [0] 0.172069910325 0.216347321844
0.992161243644 0.935280596207 37.8681924575 17.3493515729 [0] [0] [0] 0.172069910325 0.216347321844
1.00049623573 1.06812412875 38.9101529167 14.5602197786 [0] [0] [0] 0.172069910325 0.216347321844
1.01131153135 1.10546991292 51.4101157361 23.6854385647 [0] [0] [0] 0.172069910325 0.216347321844
1.02644146247 1.10146704352 55.4436651025 29.883105595 [0] [0] [0] 0.172069910325 0.212344452443
1.02712418607 1.08905979783 46.8508271005 42.1188793773 [0] [0] [0] 0.172069910325 0.199937206756
1.05149102896 1.0571375156 42.0594816896 63.8200595424 [0] [0] [0] 0.172069910325 0.181918913756
1.10071452839 1.03890641853 51.6333225737 36.8510515454 [0] [0] [0] 0.172069910325 0.181918913756
1.0888175351 1.03890641853 39.0896405714 36.8510515454 [0] [0] [0] 0.160172917035 0.181918913756
1.0888175351 1.02146139249 39.0896405714 46.021733996 [0] [0] [0] 0.160172917035 0.181918913756
0.959381640516 0.994453340089 27.8208554865 35.1140997322 [0] [0] [0] 0.107516610932 0.181918913756
0.928644618061 0.997375869447 30.4302481094 45.7602447546 [0] [0] [0] 0.107516610932 0.181918913756
0.928644618061 0.997375869447 30.4302481094 45.7602447546 [0] [0] [0] 0.107516610932 0.181918913756
0.966716446472 1.01476791391 12.8452325787 42.0 [0] [0] [0] 0.0771825469939 0.181918913756
1.01172979715 1.06606323034 8.12403840464 38.1968585096 [0] [0] [0] 0.0771825469939 0.181918913756
1.01172979715 1.06606323034 8.12403840464 38.1968585096 [0] [0] [0] 0.0771825469939 0.181918913756
1.03616122899 1.03914196435 16.1554944214 36.4828726939 [0] [0] [0] 0.0771825469939 0.181918913756
1.0107657514 1.00357765213 24.1867732449 32.1558703816 [0] [0] [0] 0.0681075060234 0.181918913756
0.97487204013 0.974533794847 38.4447655735 34.2490875791 [0] [0] [0] 0.0681075060234 0.181918913756
0.97487204013 0.974533794847 38.4447655735 34.2490875791 [0] [0] [0] 0.0681075060234 0.181918913756
0.962730536031 0.979155884858 52.8772162656 29.8496231132 [0] [0] [0] 0.0681075060234 0.181918913756
0.969562593166 0.997390066241 61.0163912404 30.6757233004 [0] [0] [0] 0.0681075060234 0.181918913756
0.969562593166 0.997390066241 61.0163912404 30.6757233004 [0] [0] [0] 0.0681075060234 0.181918913756
0.985134775542 0.997390066241 52.6877594893 30.6757233004 [0] [0] [0] 0.0681075060234 0.181918913756
